301.8782945	2307
302.3535832	1914
302.8288441	1962
303.3040771	1959
303.7792823	1959
304.2544595	1959
304.7296089	2008
305.2047304	2034
305.679824	2034
306.1548898	2033
306.6299277	2033
307.1049378	2112
307.5799199	2118
308.0548742	2125
308.5298007	2132
309.0046993	2179
309.4795701	2179
309.9544129	2194
310.429228	2194
310.9040152	2194
311.3787745	2213
311.853506	2183
312.3282097	2192
312.8028855	2192
313.2775335	2309
313.7521536	2310
314.2267459	2353
314.7013104	2369
315.175847	2415
315.6503559	2426
316.1248368	2426
316.59929	2426
317.0737153	2436
317.5481129	2485
318.0224826	2485
318.4968244	2428
318.9711385	2427
319.4454247	2427
319.9196832	2427
320.3939138	2383
320.8681166	2402
321.3422916	2402
321.8164388	2417
322.2905582	2493
322.7646498	2465
323.2387137	2465
323.7127497	2465
324.1867579	2516
324.6607383	2518
325.1346909	2531
325.6086158	2535
326.0825128	2574
326.5563821	2574
327.0302236	2574
327.5040373	2552
327.9778233	2542
328.4515814	2552
328.9253118	2568
329.3990144	2568
329.8726892	2631
330.3463363	2576
330.8199556	2576
331.2935471	2576
331.7671109	2605
332.2406469	2605
332.7141552	2581
333.1876357	2581
333.6610884	2609
334.1345134	2626
334.6079106	2616
335.0812801	2629
335.5546218	2644
336.0279358	2644
336.5012221	2644
336.9744806	2674
337.4477114	2743
337.9209144	2743
338.3940897	2659
338.8672372	2659
339.3403571	2659
339.8134492	2663
340.2865135	2652
340.7595502	2682
341.2325591	2727
341.7055403	2727
342.1784937	2704
342.6514195	2617
343.1243175	2595
343.5971879	2595
344.0700305	2696
344.5428454	2696
345.0156326	2696
345.488392	2722
345.9611238	2722
346.4338279	2745
346.9065043	2736
347.3791529	2745
347.8517739	2847
348.3243672	2847
348.7969328	2861
349.2694707	2836
349.7419809	2861
350.2144634	2834
350.6869183	2872
351.1593454	2834
351.6317449	2827
352.1041167	2827
352.5764608	2836
353.0487772	2836
353.521066	2897
353.9933271	2888
354.4655605	2888
354.9377662	2874
355.4099443	2873
355.8820947	2873
356.3542175	2853
356.8263126	2853
357.29838	2945
357.7704198	2974
358.2424319	2974
358.7144164	2970
359.1863732	2945
359.6583024	2969
360.1302039	2969
360.6020778	2973
361.0739241	2973
361.5457427	2990
362.0175336	2975
362.489297	2975
362.9610326	2975
363.4327407	2975
363.9044211	3053
364.3760739	2975
364.8476991	2960
365.3192966	2925
365.7908665	2925
366.2624088	2925
366.7339235	2966
367.2054106	2966
367.67687	2974
368.1483018	2974
368.619706	2974
369.0910826	2939
369.5624316	2939
370.033753	2939
370.5050468	2977
370.976313	2932
371.4475516	3006
371.9187625	2952
372.3899459	2991
372.8611017	2952
373.3322299	2980
373.8033305	2932
374.2744035	2935
374.745449	2935
375.2164668	2935
375.6874571	2936
376.1584198	2936
376.6293549	2992
377.1002624	3007
377.5711423	3052
378.0419947	3052
378.5128195	3051
378.9836167	3051
379.4543864	3051
379.9251285	2935
380.395843	2935
380.86653	2957
381.3371894	2957
381.8078213	2957
382.2784256	3003
382.7490023	3003
383.2195515	3016
383.6900732	3015
384.1605673	3019
384.6310338	3040
385.1014728	3040
385.5718843	3046
386.0422682	2997
386.5126246	3007
386.9829534	3007
387.4532547	3007
387.9235285	3058
388.3937747	3058
388.8639934	3074
389.3341846	3074
389.8043483	3073
390.2744844	3030
390.744593	3040
391.2146741	3040
391.6847277	3040
392.1547537	3032
392.6247523	3032
393.0947233	3050
393.5646669	3050
394.0345829	3050
394.5044714	3110
394.9743324	3126
395.4441659	3110
395.9139719	3131
396.3837504	3073
396.8535014	3073
397.3232249	3073
397.7929209	3141
398.2625895	3163
398.7322305	3163
399.201844	3166
399.6714301	3241
400.1409887	3241
400.6105198	3272
401.0800234	3241
401.5494996	3245
402.0189482	3245
402.4883694	3265
402.9577631	3300
403.4271294	3277
403.8964682	3314
404.3657795	3314
404.8350634	3314
405.3043197	3269
405.7735487	3269
406.2427502	3335
406.7119242	3347
407.1810707	3393
407.6501898	3393
408.1192815	3393
408.5883457	3428
409.0573825	3430
409.5263918	3428
409.9953737	3422
410.4643281	3422
410.9332551	3422
411.4021547	3433
411.8710268	3433
412.3398715	3387
412.8086887	3387
413.2774786	3408
413.746241	3442
414.2149759	3443
414.6836835	3443
415.1523636	3487
415.6210163	3498
416.0896416	3629
416.5582395	3649
417.0268099	3701
417.495353	3680
417.9638686	3710
418.4323569	3710
418.9008177	3773
419.3692511	3795
419.8376571	3795
420.3060357	3847
420.7743869	3859
421.2427107	3882
421.7110072	3888
422.1792762	3922
422.6475178	3922
423.1157321	3906
423.5839189	3895
424.0520784	3858
424.5202105	3813
424.9883152	3813
425.4563925	3805
425.9244425	3779
426.3924651	3714
426.8604603	3694
427.3284281	3694
427.7963685	3694
428.2642816	3634
428.7321673	3634
429.2000257	3645
429.6678567	3645
430.1356603	3611
430.6034366	3550
431.0711855	3550
431.5389071	3539
432.0066013	3484
432.4742681	3432
432.9419076	3423
433.4095198	3421
433.8771046	3421
434.3446621	3421
434.8121922	3339
435.279695	3330
435.7471705	3317
436.2146186	3317
436.6820393	3260
437.1494328	3349
437.6167989	3349
438.0841377	3349
438.5514492	3264
439.0187333	3264
439.4859901	3309
439.9532196	3309
440.4204218	3276
440.8875966	3269
441.3547442	3269
441.8218644	3169
442.2889573	3169
442.7560229	3199
443.2230612	3221
443.6900722	3199
444.1570559	3157
444.6240123	3157
445.0909414	3184
445.5578432	3219
446.0247177	3315
446.4915649	3315
446.9583848	3259
447.4251774	3252
447.8919427	3252
448.3586808	3210
448.8253915	3210
449.292075	3210
449.7587312	3138
450.2253601	3125
450.6919618	3125
451.1585361	3236
451.6250832	3236
452.091603	3188
452.5580956	3168
453.0245608	3117
453.4909989	3117
453.9574096	3172
454.4237931	3172
454.8901493	3141
455.3564783	3141
455.82278	3158
456.2890545	3203
456.7553017	3222
457.2215216	3222
457.6877143	3153
458.1538798	3141
458.620018	3110
459.086129	3085
459.5522127	3110
460.0182692	3217
460.4842985	3217
460.9503005	3239
461.4162753	3213
461.8822228	3213
462.3481432	3213
462.8140363	3270
463.2799021	3270
463.7457408	3224
464.2115522	3207
464.6773364	3198
465.1430934	3198
465.6088232	3198
466.0745257	3198
466.5402011	3135
467.0058492	3135
467.4714701	3239
467.9370638	3239
468.4026303	3206
468.8681697	3205
469.3336818	3205
469.7991667	3244
470.2646244	3266
470.7300549	3271
471.1954582	3270
471.6608343	3270
472.1261833	3226
472.591505	3222
473.0567996	3222
473.522067	3213
473.9873072	3213
474.4525202	3213
474.917706	3152
475.3828647	3153
475.8479962	3153
476.3131005	3252
476.7781776	3266
477.2432276	3266
477.7082504	3266
478.173246	3259
478.6382145	3259
479.1031558	3250
479.56807	3217
480.032957	3239
480.4978168	3239
480.9626495	3239
481.4274551	3244
481.8922334	3216
482.3569847	3185
482.8217088	3185
483.2864057	3210
483.7510755	3233
484.2157182	3242
484.6803337	3242
485.1449221	3258
485.6094833	3280
486.0740175	3280
486.5385245	3210
487.0030043	3182
487.467457	3129
487.9318826	3123
488.3962811	3123
488.8606525	3159
489.3249967	3159
489.7893138	3127
490.2536038	3127
490.7178667	3134
491.1821025	3170
491.6463112	3170
492.1104927	3189
492.5746472	3257
493.0387745	3257
493.5028748	3226
493.9669479	3226
494.430994	3215
494.8950129	3247
495.3590047	3215
495.8229695	3149
496.2869072	3149
496.7508177	3182
497.2147012	3210
497.6785576	3210
498.1423869	3156
498.6061892	3156
499.0699643	3197
499.5337124	3197
499.9974334	3156
500.4611273	3156
500.9247942	3205
501.3884339	3205
501.8520466	3189
502.3156323	3189
502.7791909	3232
503.2427224	3232
503.7062268	3210
504.1697042	3200
504.6331545	3210
505.0965778	3193
505.559974	3242
506.0233432	3165
506.4866853	3242
506.9500004	3176
507.4132884	3176
507.8765494	3176
508.3397833	3204
508.8029902	3204
509.2661701	3163
509.7293229	3163
510.1924487	3226
510.6555475	3234
511.1186192	3226
511.5816639	3218
512.0446815	3218
512.5076722	3197
512.9706358	3205
513.4335724	3205
513.8964819	3205
514.3593645	3119
514.82222	3119
515.2850485	3169
515.74785	3177
516.2106245	3169
516.673372	3108
517.1360925	3108
517.598786	3128
518.0614524	3171
518.5240919	3186
518.9867044	3186
519.4492898	3183
519.9118483	3163
520.3743798	3163
520.8368843	3235
521.2993618	3245
521.7618123	3235
522.2242358	3187
522.6866323	3186
523.1490019	3186
523.6113445	3221
524.0736601	3221
524.5359487	3244
524.9982103	3210
525.460445	3242
525.9226527	3161
526.3848334	3242
526.8469872	3252
527.309114	3252
527.7712138	3252
528.2332867	3340
528.6953326	3350
529.1573515	3380
529.6193435	3380
530.0813085	3399
530.5432466	3400
531.0051578	3400
531.4670419	3399
531.9288992	3399
532.3907295	3420
532.8525328	3420
533.3143092	3420
533.7760587	3451
534.2377812	3537
534.6994768	3574
535.1611455	3583
535.6227872	3611
536.084402	3611
536.5459899	3611
537.0075508	3660
537.4690848	3714
537.9305919	3660
538.3920721	3635
538.8535253	3629
539.3149517	3629
539.7763511	3645
540.2377236	3646
540.6990692	3646
541.1603878	3558
541.6216796	3558
542.0829445	3526
542.5441825	3478
543.0053935	3444
543.4665777	3352
543.9277349	3352
544.3888653	3303
544.8499688	3296
545.3110454	3244
545.772095	3243
546.2331178	3244
546.6941137	3221
547.1550828	3257
547.6160249	3233
548.0769402	3253
548.5378285	3233
548.99869	3165
549.4595247	3165
549.9203324	3089
550.3811133	3158
550.8418673	3114
551.3025944	3125
551.7632947	3125
552.2239681	3125
552.6846146	3109
553.1452343	3109
553.6058271	3135
554.0663931	3135
554.5269322	3097
554.9874445	3087
555.4479299	3097
555.9083884	3103
556.3688201	3150
556.829225	3150
557.289603	3147
557.7499542	3032
558.2102785	3147
558.670576	3108
559.1308466	3158
559.5910904	3108
560.0513074	3166
560.5114976	3166
560.9716609	3166
561.4317974	3165
561.891907	3133
562.3519899	3133
562.8120459	3118
563.2720751	3118
563.7320775	3142
564.192053	3162
564.6520018	3142
565.1119237	3162
565.5718189	3193
566.0316872	3220
566.4915287	3210
566.9513434	3210
567.4111313	3210
567.8708924	3242
568.3306267	3246
568.7903342	3353
569.2500149	3386
569.7096688	3386
570.1692959	3386
570.6288962	3463
571.0884698	3463
571.5480165	3421
572.0075365	3421
572.4670296	3472
572.926496	3494
573.3859357	3494
573.8453485	3517
574.3047346	3519
574.7640939	3596
575.2234264	3661
575.6827321	3668
576.1420111	3702
576.6012633	3722
577.0604888	3738
577.5196875	3792
577.9788594	3822
578.4380045	3901
578.8971229	3882
579.3562146	3901
579.8152795	3882
580.2743176	3985
580.733329	3998
581.1923137	3998
581.6512716	3998
582.1102028	3920
582.5691072	3905
583.0279848	3905
583.4868358	3952
583.94566	3952
584.4044574	3958
584.8632282	3955
585.3219722	3955
585.7806894	3955
586.23938	3948
586.6980438	3948
587.1566809	3928
587.6152913	3869
588.0738749	3869
588.5324318	3851
588.9909621	3833
589.4494656	3833
589.9079423	3833
590.3663924	3827
590.8248158	3811
591.2832124	3823
591.7415824	3786
592.1999256	3786
592.6582422	3739
593.116532	3725
593.5747952	3725
594.0330316	3716
594.4912414	3716
594.9494245	3664
595.4075808	3653
595.8657105	3664
596.3238135	3629
596.7818898	3611
597.2399395	3611
597.6979624	3744
598.1559587	3744
598.6139283	3752
599.0718712	3736
599.5297874	3752
599.987677	3783
600.4455399	3783
600.9033762	3726
601.3611857	3726
601.8189686	3726
602.2767249	3726
602.7344544	3753
603.1921573	3753
603.6498336	3742
604.1074832	3690
604.5651062	3742
605.0227024	3712
605.4802721	3738
605.9378151	3712
606.3953314	3674
606.8528212	3602
607.3102842	3602
607.7677206	3539
608.2251304	3536
608.6825136	3485
609.1398701	3485
609.5972	3457
610.0545032	3404
610.5117798	3400
610.9690298	3400
611.4262532	3371
611.8834499	3307
612.34062	3346
612.7977635	3307
613.2548804	3230
613.7119707	3207
614.1690343	3207
614.6260713	3199
615.0830818	3237
615.5400656	3199
615.9970228	3218
616.4539534	3197
616.9108574	3197
617.3677348	3169
617.8245855	3141
618.2814097	3169
618.7382073	3098
619.1949783	3098
619.6517227	3098
620.1084406	3041
620.5651318	3109
621.0217964	3056
621.4784345	3060
621.9350459	3060
622.3916308	3073
622.8481891	3073
623.3047209	3092
623.761226	3141
624.2177046	3141
624.6741566	3116
625.130582	3098
625.5869809	3098
626.0433532	3023
626.4996989	3023
626.9560181	3067
627.4123107	3079
627.8685767	3067
628.3248162	3039
628.7810292	3037
629.2372155	3035
629.6933754	3035
630.1495086	3035
630.6056154	2997
631.0616956	2997
631.5177492	2962
631.9737763	2951
632.4297768	2945
632.8857508	2945
633.3416983	2945
633.7976192	2979
634.2535136	2981
634.7093815	2984
635.1652228	2981
635.6210376	2969
636.0768259	2969
636.5325877	2981
636.9883229	2981
637.4440316	2965
637.8997138	2953
638.3553695	2953
638.8109987	2908
639.2666013	2908
639.7221774	2978
640.1777271	2978
640.6332502	2958
641.0887468	2934
641.5442169	2882
641.9996605	2882
642.4550776	2955
642.9104682	2957
643.3658323	2957
643.8211699	2948
644.276481	2933
644.7317656	2935
645.1870237	2933
645.6422554	2898
646.0974605	2882
646.5526392	2881
647.0077914	2879
647.4629171	2879
647.9180163	2892
648.3730891	2901
648.8281353	2912
649.2831551	2912
649.7381484	2897
650.1931153	2897
650.6480557	2896
651.1029696	2896
651.5578571	2887
652.0127181	2801
652.4675526	2801
652.9223607	2830
653.3771423	2834
653.8318974	2834
654.2866261	2834
654.7413284	2881
655.1960042	2880
655.6506536	2880
656.1052765	2857
656.5598729	2848
657.014443	2848
657.4689865	2840
657.9235037	2865
658.3779944	2898
658.8324587	2912
659.2868965	2912
659.7413079	2912
660.1956929	2812
660.6500514	2778
661.1043835	2778
661.5586892	2926
662.0129685	2926
662.4672214	2873
662.9214478	2868
663.3756478	2826
663.8298214	2821
664.2839686	2783
664.7380894	2783
665.1921837	2797
665.6462517	2875
666.1002932	2875
666.5543084	2875
667.0082971	2828
667.4622595	2828
667.9161954	2821
668.370105	2804
668.8239881	2771
669.2778449	2771
669.7316752	2763
670.1854792	2800
670.6392568	2800
671.093008	2841
671.5467328	2880
672.0004313	2880
672.4541033	2880
672.907749	2832
673.3613683	2832
673.8149612	2801
674.2685278	2801
674.7220679	2789
675.1755817	2827
675.6290692	2839
676.0825303	2845
676.535965	2839
676.9893733	2786
677.4427553	2785
677.8961109	2786
678.3494402	2802
678.8027431	2802
679.2560197	2805
679.7092699	2810
680.1624937	2810
680.6156913	2857
681.0688624	2845
681.5220072	2857
681.9751257	2845
682.4282179	2877
682.8812837	2861
683.3343231	2861
683.7873363	2765
684.240323	2765
684.6932835	2765
685.1462176	2760
685.5991254	2760
686.0520069	2755
686.5048621	2775
686.9576909	2775
687.4104934	2775
687.8632696	2739
688.3160195	2739
688.768743	2786
689.2214403	2805
689.6741112	2807
690.1267558	2805
690.5793742	2807
691.0319662	2798
691.4845319	2798
691.9370713	2798
692.3895844	2785
692.8420712	2831
693.2945317	2785
693.7469659	2755
694.1993738	2755
694.6517554	2828
695.1041108	2828
695.5564398	2770
696.0087426	2770
696.461019	2770
696.9132692	2770
697.3654932	2788
697.8176908	2788
698.2698621	2797
698.7220072	2803
699.174126	2826
699.6262186	2803
700.0782848	2771
700.5303248	2771
700.9823386	2771
701.434326	2793
701.8862872	2793
702.3382222	2795
702.7901308	2805
703.2420133	2795
703.6938694	2832
704.1456994	2770
704.597503	2811
705.0492804	2770
705.5010316	2770
705.9527565	2770
706.4044552	2786
706.8561276	2786
707.3077738	2738
707.7593938	2737
708.2109875	2738
708.662555	2773
709.1140962	2843
709.5656112	2843
710.0171	2840
710.4685626	2839
710.9199989	2839
711.371409	2839
711.8227929	2829
712.2741505	2829
712.725482	2826
713.1767872	2806
713.6280662	2806
714.079319	2819
714.5305456	2819
714.981746	2814
715.4329201	2786
715.8840681	2786
716.3351898	2786
716.7862854	2808
717.2373547	2739
717.6883979	2808
718.1394148	2819
718.5904056	2819
719.0413701	2816
719.4923085	2781
719.9432207	2781
720.3941067	2782
720.8449665	2782
721.2958001	2782
721.7466075	2796
722.1973887	2796
722.6481438	2768
723.0988727	2730
723.5495754	2730
724.000252	2747
724.4509023	2805
724.9015265	2816
725.3521246	2816
725.8026964	2816
726.2532421	2808
726.7037617	2774
727.154255	2744
727.6047223	2774
728.0551633	2775
728.5055782	2775
728.955967	2775
729.4063296	2801
729.856666	2829
730.3069763	2843
730.7572604	2843
731.2075184	2843
731.6577503	2819
732.107956	2885
732.5581356	2789
733.008289	2800
733.4584163	2790
733.9085175	2800
734.3585925	2807
734.8086414	2807
735.2586642	2786
735.7086608	2738
736.1586314	2738
736.6085758	2777
737.058494	2777
737.5083862	2716
737.9582522	2716
738.4080921	2772
738.8579059	2772
739.3076936	2762
739.7574552	2762
740.2071907	2772
740.6569	2816
741.1065833	2842
741.5562405	2858
742.0058715	2869
742.4554765	2869
742.9050553	2795
743.3546081	2795
743.8041347	2807
744.2536353	2807
744.7031098	2803
745.1525581	2797
745.6019804	2797
746.0513766	2797
746.5007468	2790
746.9500908	2790
747.3994088	2778
747.8487007	2808
748.2979665	2819
748.7472062	2820
749.1964199	2821
749.6456075	2820
750.094769	2875
750.5439044	2869
750.9930138	2869
751.4420971	2860
751.8911544	2860
752.3401856	2900
752.7891907	2923
753.2381698	2923
753.6871228	2923
754.1360498	2874
754.5849507	2869
755.0338255	2869
755.4826744	2869
755.9314971	2869
756.3802939	2879
756.8290645	2876
757.2778092	2879
757.7265278	2876
758.1752204	2846
758.6238869	2846
759.0725274	2876
759.5211418	2876
759.9697303	2870
760.4182927	2870
760.866829	2918
761.3153394	2918
761.7638237	2868
762.212282	2868
762.6607143	2839
763.1091206	2911
763.5575008	2861
764.0058551	2861
764.4541833	2839
764.9024855	2839
765.3507617	2902
765.7990119	2910
766.2472361	2913
766.6954343	2939
767.1436065	2939
767.5917527	2889
768.0398729	2889
768.487967	2922
768.9360352	2936
769.3840774	2926
769.8320937	2926
770.2800839	2854
770.7280481	2854
771.1759864	2927
771.6238986	2965
772.0717849	2968
772.5196452	2968
772.9674795	2907
773.4152879	2907
773.8630703	2907
774.3108267	2987
774.7585571	2987
775.2062615	2987
775.65394	3003
776.1015926	2968
776.5492191	3003
776.9968197	2968
777.4443944	2961
777.891943	2961
778.3394657	2983
778.7869625	2992
779.2344333	2996
779.6818782	3015
780.1292971	3015
780.57669	2982
781.0240571	2982
781.4713981	2982
781.9187133	2985
782.3660024	3072
782.8132657	3072
783.260503	3039
783.7077144	3039
784.1548998	3085
784.6020593	3099
785.0491929	3099
785.4963005	3093
785.9433822	3093
786.390438	3109
786.8374679	3109
787.2844719	3065
787.7314499	3060
788.178402	3065
788.6253282	3128
789.0722285	3128
789.5191028	3083
789.9659513	3083
790.4127738	3167
790.8595705	3167
791.3063412	3098
791.753086	3098
792.199805	3193
792.646498	3223
793.0931651	3259
793.5398064	3259
793.9864217	3244
794.4330111	3244
794.8795747	3244
795.3261124	3188
795.7726241	3188
796.21911	3280
796.66557	3345
797.1120042	3345
797.5584124	3360
798.0047948	3430
798.4511512	3449
798.8974819	3472
799.3437866	3472
799.7900655	3453
800.2363185	3453
800.6825456	3541
801.1287468	3545
801.5749222	3545
802.0210718	3545
802.4671954	3583
802.9132933	3613
803.3593652	3646
803.8054113	3705
804.2514316	3746
804.6974259	3802
805.1433945	3832
805.5893372	3877
806.035254	3904
806.481145	3925
806.9270102	3968
807.3728495	4023
807.818663	4023
808.2644506	4023
808.7102124	4199
809.1559484	4303
809.6016585	4350
810.0473428	4350
810.4930013	4473
810.9386339	4577
811.3842408	4775
811.8298218	4817
812.2753769	4906
812.7209063	4953
813.1664098	5170
813.6118875	5320
814.0573395	5530
814.5027655	5700
814.9481658	5854
815.3935403	5897
815.838889	6090
816.2842118	6336
816.7295089	6621
817.1747801	6848
817.6200256	7275
818.0652452	7523
818.5104391	7797
818.9556071	8218
819.4007494	8566
819.8458658	9139
820.2909565	9853
820.7360214	10283
821.1810605	10930
821.6260738	11565
822.0710614	12289
822.5160231	12698
822.9609591	13397
823.4058693	13693
823.8507537	14441
824.2956124	14761
824.7404452	15344
825.1852523	15596
825.6300337	15712
826.0747892	15750
826.519519	15750
826.9642231	15526
827.4089014	15317
827.8535539	14889
828.2981806	14514
828.7427816	14078
829.1873569	13765
829.6319064	13197
830.0764301	12466
830.5209281	12026
830.9654003	11455
831.4098468	10930
831.8542676	10678
832.2986626	10232
832.7430319	9715
833.1873754	9672
833.6316932	9038
834.0759852	8806
834.5202516	8740
834.9644922	8640
835.408707	8230
835.8528962	8157
836.2970596	7876
836.7411972	7717
837.1853092	7578
837.6293954	7488
838.073456	7470
838.5174908	7373
838.9614998	7221
839.4054832	7132
839.8494409	7104
840.2933728	7026
840.737279	7051
841.1811596	6986
841.6250144	7019
842.0688435	6964
842.5126469	6901
842.9564246	6901
843.4001767	6944
843.843903	7003
844.2876036	7042
844.7312786	7158
845.1749278	7211
845.6185513	7305
846.0621492	7313
846.5057214	7493
846.9492679	7658
847.3927887	7736
847.8362838	7805
848.2797533	8054
848.7231971	8170
849.1666152	8622
849.6100076	8715
850.0533743	9153
850.4967154	9323
850.9400308	9897
851.3833206	10141
851.8265847	10553
852.2698231	10802
852.7130358	11213
853.1562229	11791
853.5993844	12344
854.0425202	12876
854.4856303	13695
854.9287148	13967
855.3717736	14534
855.8148068	14755
856.2578143	15584
856.7007962	15979
857.1437524	16622
857.586683	16839
858.029588	16977
858.4724673	17215
858.915321	17215
859.358149	17130
859.8009514	16987
860.2437282	16784
860.6864793	16625
861.1292049	16341
861.5719048	15745
862.014579	15261
862.4572277	14654
862.8998507	14365
863.3424481	13665
863.7850199	13269
864.2275661	12792
864.6700866	12264
865.1125816	11692
865.5550509	11295
865.9974947	10823
866.4399128	10215
866.8823053	9816
867.3246722	9573
867.7670135	9208
868.2093292	8773
868.6516193	8420
869.0938839	8213
869.5361228	7944
869.9783361	7609
870.4205238	7393
870.862686	7269
871.3048225	6983
871.7469335	6872
872.1890189	6565
872.6310787	6429
873.0731129	6237
873.5151216	6175
873.9571046	6070
874.3990621	5855
874.8409941	5673
875.2829004	5564
875.7247812	5505
876.1666364	5351
876.608466	5337
877.0502701	5311
877.4920486	5224
877.9338016	5056
878.375529	4984
878.8172308	4946
879.2589071	4942
879.7005578	4913
880.142183	4913
880.5837826	4950
881.0253566	4950
881.4669052	4898
881.9084281	4898
882.3499256	4999
882.7913975	4999
883.2328438	4952
883.6742646	4935
884.1156599	4952
884.5570296	5013
884.9983738	5163
885.4396925	5163
885.8809856	5140
886.3222533	5112
886.7634953	5102
887.2047119	4992
887.6459029	4992
888.0870685	4752
888.5282085	4684
888.9693229	4608
889.4104119	4571
889.8514754	4485
890.2925133	4406
890.7335257	4330
891.1745126	4203
891.615474	4097
892.0564099	3995
892.4973203	3990
892.9382052	3831
893.3790646	3796
893.8198985	3803
894.2607069	3768
894.7014898	3768
895.1422473	3703
895.5829792	3639
896.0236856	3604
896.4643666	3604
896.905022	3618
897.345652	3636
897.7862565	3618
898.2268355	3570
898.667389	3570
899.1079171	3594
899.5484196	3594
899.9888967	3501
900.4293484	3501
900.8697745	3511
901.3101752	3511
901.7505504	3511
902.1909002	3547
902.6312245	3547
903.0715233	3545
903.5117967	3492
903.9520446	3489
904.392267	3492
904.832464	3493
905.2726356	3493
905.7127817	3522
906.1529023	3499
906.5929975	3499
907.0330672	3499
907.4731115	3499
907.9131304	3516
908.3531238	3542
908.7930918	3542
909.2330343	3520
909.6729514	3520
910.1128431	3530
910.5527094	3582
910.9925502	3621
911.4323655	3621
911.8721555	3621
912.31192	3580
912.7516591	3580
913.1913728	3580
913.6310611	3664
914.0707239	3664
914.5103613	3728
914.9499733	3840
915.3895599	3840
915.8291211	3896
916.2686569	3896
916.7081673	3948
917.1476522	3965
917.5871118	4058
918.0265459	4190
918.4659547	4210
918.905338	4321
919.344696	4362
919.7840285	4453
920.2233357	4597
920.6626175	4757
921.1018738	4853
921.5411048	5067
921.9803104	5121
922.4194906	5163
922.8586455	5192
923.2977749	5192
923.736879	5251
924.1759577	5251
924.615011	5214
925.0540389	5214
925.4930415	5200
925.9320187	5024
926.3709705	4866
926.809897	4798
927.2487981	4661
927.6876738	4567
928.1265242	4304
928.5653492	4259
929.0041488	4208
929.4429231	3992
929.881672	3985
930.3203956	3992
930.7590938	3984
931.1977667	3861
931.6364142	3821
932.0750363	3744
932.5136332	3739
932.9522047	3692
933.3907508	3643
933.8292716	3645
934.267767	3643
934.7062372	3602
935.144682	3581
935.5831014	3581
936.0214955	3599
936.4598643	3615
936.8982078	3599
937.3365259	3564
937.7748187	3545
938.2130862	3538
938.6513284	3545
939.0895452	3538
939.5277367	3549
939.965903	3562
940.4040439	3562
940.8421594	3575
941.2802497	3575
941.7183147	3575
942.1563543	3526
942.5943687	3526
943.0323577	3586
943.4703215	3674
943.9082599	3674
944.346173	3608
944.7840609	3608
945.2219234	3608
945.6597607	3644
946.0975727	3675
946.5353593	3772
946.9731207	3772
947.4108568	3772
947.8485676	3785
948.2862531	3785
948.7239134	3772
949.1615483	3772
949.599158	3772
950.0367424	3850
950.4743016	3877
950.9118354	3922
951.349344	3937
951.7868274	3956
952.2242854	3958
952.6617182	3993
953.0991257	4047
953.536508	3997
953.973865	4067
954.4111967	4088
954.8485032	4206
955.2857844	4224
955.7230404	4235
956.1602711	4354
956.5974766	4354
957.0346568	4354
957.4718117	4480
957.9089415	4493
958.3460459	4597
958.7831252	4667
959.2201792	4783
959.6572079	4783
960.0942115	4783
960.5311897	4829
960.9681428	4837
961.4050706	4837
961.8419732	4903
962.2788506	4955
962.7157027	4956
963.1525296	5083
963.5893313	5083
964.0261078	5082
964.462859	5082
964.899585	5082
965.3362859	5135
965.7729614	5059
966.2096118	5059
966.646237	5010
967.082837	4992
967.5194117	4990
967.9559613	4986
968.3924856	4935
968.8289848	4922
969.2654587	4829
969.7019074	4789
970.138331	4760
970.5747293	4730
971.0111025	4640
971.4474504	4608
971.8837732	4536
972.3200708	4547
972.7563432	4482
973.1925904	4363
973.6288124	4343
974.0650093	4305
974.5011809	4197
974.9373274	4197
975.3734487	4186
975.8095448	4169
976.2456158	4169
976.6816616	4134
977.1176822	4114
977.5536777	4069
977.9896479	4069
978.4255931	3965
978.861513	3950
979.2974078	3950
979.7332774	3853
980.1691219	3779
980.6049412	3742
981.0407354	3740
981.4765044	3740
981.9122483	3673
982.347967	3666
982.7836605	3656
983.2193289	3644
983.6549722	3628
984.0905903	3628
984.5261833	3653
984.9617512	3653
985.3972939	3618
985.8328115	3600
986.2683039	3556
986.7037712	3527
987.1392134	3451
987.5746304	3451
988.0100224	3467
988.4453892	3471
988.8807308	3471
989.3160474	3471
989.7513388	3499
990.1866051	3499
990.6218463	3443
991.0570624	3443
991.4922534	3403
991.9274192	3358
992.36256	3358
992.7976756	3353
993.2327661	3366
993.6678316	3357
994.1028719	3357
994.5378871	3339
994.9728772	3339
995.4078422	3339
995.8427822	3341
996.277697	3311
996.7125867	3352
997.1474514	3330
997.5822909	3330
998.0171054	3330
998.4518948	3364
998.8866591	3364
999.3213983	3361
999.7561124	3315
1000.190801	3315
1000.625465	3354
1001.060104	3361
1001.494718	3375
1001.929307	3361
1002.363871	3326
1002.798409	3318
1003.232923	3277
1003.667411	3271
1004.101875	3216
1004.536313	3216
1004.970726	3290
1005.405115	3301
1005.839478	3301
1006.273816	3299
1006.708129	3294
1007.142417	3294
1007.57668	3294
1008.010918	3294
1008.445131	3269
1008.879319	3325
1009.313481	3325
1009.747619	3325
1010.181732	3332
1010.615819	3274
1011.049882	3274
1011.48392	3267
1011.917932	3267
1012.35192	3293
1012.785882	3293
1013.21982	3208
1013.653732	3208
1014.08762	3189
1014.521482	3189
1014.955319	3173
1015.389132	3169
1015.822919	3146
1016.256681	3169
1016.690419	3230
1017.124131	3230
1017.557818	3239
1017.99148	3239
1018.425118	3301
1018.85873	3301
1019.292317	3235
1019.72588	3220
1020.159417	3207
1020.592929	3207
1021.026416	3289
1021.459879	3289
1021.893316	3190
1022.326728	3190
1022.760115	3239
1023.193478	3287
1023.626815	3239
1024.060127	3234
1024.493415	3221
1024.926677	3221
1025.359914	3218
1025.793127	3218
1026.226314	3218
1026.659477	3213
1027.092614	3264
1027.525727	3183
1027.958814	3170
1028.391877	3170
1028.824914	3186
1029.257927	3196
1029.690914	3243
1030.123877	3247
1030.556815	3247
1030.989728	3155
1031.422615	3155
1031.855478	3262
1032.288316	3265
1032.721129	3262
1033.153917	3265
1033.58668	3203
1034.019418	3256
1034.452132	3162
1034.88482	3174
1035.317483	3174
1035.750121	3193
1036.182735	3193
1036.615323	3128
1037.047887	3128
1037.480425	3136
1037.912939	3136
1038.345428	3173
1038.777892	3132
1039.210331	3173
1039.642745	3120
1040.075134	3154
1040.507498	3154
1040.939837	3157
1041.372151	3157
1041.804441	3140
1042.236705	3072
1042.668945	3072
1043.101159	3124
1043.533349	3158
1043.965514	3166
1044.397654	3166
1044.829769	3118
1045.261859	3084
1045.693924	3118
1046.125964	3120
1046.55798	3120
1046.98997	3120
1047.421936	3071
1047.853876	3071
1048.285792	3023
1048.717683	2997
1049.149549	2997
1049.58139	3035
1050.013207	3100
1050.444998	3141
1050.876765	3141
1051.308506	3141
1051.740223	3108
1052.171915	3150
1052.603582	3121
1053.035224	3198
1053.466841	3162
1053.898434	3198
1054.330001	3162
1054.761544	3197
1055.193062	3122
1055.624555	3102
1056.056023	3078
1056.487466	2997
1056.918884	2997
1057.350278	3039
1057.781647	3125
1058.21299	3097
1058.644309	3129
1059.075604	3141
1059.506873	3141
1059.938117	3113
1060.369337	3097
1060.800532	3097
1061.231701	3097
1061.662847	3086
1062.093967	3126
1062.525062	3090
1062.956133	3138
1063.387178	3090
1063.818199	3058
1064.249195	3028
1064.680167	3013
1065.111113	3010
1065.542035	3013
1065.88147	2977
1066.31392	2990
1066.746345	3000
1067.178746	3000
1067.611122	3000
1068.043473	2997
1068.475799	2976
1068.908101	2976
1069.340378	2976
1069.77263	2986
1070.204857	2970
1070.63706	3003
1071.069238	3009
1071.501392	3009
1071.933521	2939
1072.365625	2939
1072.797704	2938
1073.229759	2990
1073.661789	2990
1074.093794	2990
1074.525775	2917
1074.957731	2917
1075.389662	2972
1075.821569	2978
1076.25345	2972
1076.685308	2978
1077.11714	2969
1077.548948	2969
1077.980731	2969
1078.41249	3060
1078.844224	3073
1079.275933	3106
1079.707618	3106
1080.139278	3079
1080.570913	3079
1081.002524	3069
1081.434109	3069
1081.865671	3069
1082.297207	3024
1082.728719	2981
1083.160207	2965
1083.591669	2965
1084.023107	2962
1084.454521	2937
1084.88591	2937
1085.317274	2926
1085.748613	2926
1086.179928	2906
1086.611218	2906
1087.042484	2987
1087.473725	2987
1087.904941	2909
1088.336133	2909
1088.7673	2931
1089.198442	2958
1089.62956	2949
1090.060653	2949
1090.491722	2927
1090.922766	2925
1091.353785	2927
1091.78478	2890
1092.21575	2896
1092.646695	2896
1093.077616	2921
1093.508512	2949
1093.939384	2949
1094.370231	2949
1094.801053	2995
1095.231851	3010
1095.662624	3024
1096.093373	3010
1096.524097	2923
1096.954796	2899
1097.385471	2868
1097.816122	2899
1098.246747	2863
1098.677348	2919
1099.107925	2927
1099.538477	2927
1099.969004	2924
1100.399507	2924
1100.829985	2944
1101.260438	2944
1101.690867	2944
1102.121272	2975
1102.551651	2975
1102.982007	2911
1103.412337	2855
1103.842643	2855
1104.272925	2870
1104.703182	2933
1105.133414	2933
1105.563622	2933
1105.993805	2885
1106.423964	2885
1106.854098	2905
1107.284208	2905
1107.714293	2891
1108.144353	2882
1108.574389	2891
1109.004401	2898
1109.434388	2898
1109.86435	2858
1110.294288	2858
1110.724201	2861
1111.154089	2861
1111.583954	2861
1112.013793	2822
1112.443608	2843
1112.873399	2843
1113.303165	2843
1113.732906	2873
1114.162623	2898
1114.592315	2917
1115.021983	2951
1115.451627	2917
1115.881245	2953
1116.31084	2953
1116.740409	2953
1117.169955	2935
1117.599475	2935
1118.028971	2914
1118.458443	2907
1118.88789	2907
1119.317313	2931
1119.746711	2931
1120.176085	2887
1120.605434	2887
1121.034759	2922
1121.464059	2960
1121.893334	2922
1122.322585	2905
1122.751812	2832
1123.181014	2891
1123.610192	2891
1124.039345	2891
1124.468474	2874
1124.897578	2859
1125.326658	2874
1125.755713	2891
1126.184743	2947
1126.61375	2947
1127.042731	2885
1127.471689	2885
1127.900621	2885
1128.32953	2889
1128.758414	2881
1129.187273	2970
1129.616108	2902
1130.044918	2905
1130.473704	2902
1130.902466	2905
1131.331203	2880
1131.759915	2866
1132.188603	2866
1132.617267	2872
1133.045906	2873
1133.474521	2872
1133.903111	2853
1134.331677	2811
1134.760218	2811
1135.188735	2828
1135.617228	2878
1136.045696	2875
1136.474139	2878
1136.902558	2875
1137.330953	2860
1137.759323	2822
1138.187669	2822
1138.61599	2878
1139.044287	2914
1139.47256	2922
1139.900808	2914
1140.329031	2912
1140.757231	2872
1141.185405	2872
1141.613556	2872
1142.041682	2909
1142.469783	2909
1142.89786	2899
1143.325913	2899
1143.753941	2899
1144.181945	2850
1144.609924	2842
1145.037879	2850
1145.46581	2880
1145.893716	2880
1146.321598	2850
1146.749455	2850
1147.177288	2882
1147.605097	2882
1148.032881	2872
1148.460641	2840
1148.888376	2840
1149.316087	2840
1149.743773	2877
1150.171436	2877
1150.599073	2906
1151.026687	2906
1151.454276	2906
1151.88184	2884
1152.309381	2861
1152.736896	2861
1153.164388	2830
1153.591855	2880
1154.019298	2909
1154.446716	2909
1154.87411	2905
1155.301479	2873
1155.728825	2873
1156.156145	2828
1156.583442	2828
1157.010714	2834
1157.437962	2864
1157.865185	2864
1158.292384	2890
1158.719559	2986
1159.146709	2890
1159.573835	2871
1160.000937	2869
1160.428014	2825
1160.855067	2825
1161.282095	2812
1161.709099	2881
1162.136079	2799
1162.563035	2882
1162.989966	2855
1163.416872	2882
1163.843755	2873
1164.270613	2873
1164.697447	2859
1165.124256	2823
1165.551041	2798
1165.977802	2791
1166.404538	2791
1166.831251	2864
1167.257938	2864
1167.684602	2844
1168.111241	2844
1168.537856	2873
1168.964446	2873
1169.391012	2836
1169.817554	2783
1170.244072	2836
1170.670565	2857
1171.097034	2864
1171.523478	2955
1171.949899	2996
1172.376294	2996
1172.802666	2879
1173.229013	2879
1173.655336	2991
1174.081635	2991
1174.50791	2894
1174.93416	2852
1175.360386	2823
1175.786587	2852
1176.212764	2797
1176.638917	2797
1177.065046	2797
1177.49115	2803
1177.917231	2826
1178.343286	2826
1178.769318	2826
1179.195325	2777
1179.621308	2777
1180.047267	2831
1180.473201	2858
1180.899111	2858
1181.324997	2868
1181.750859	2814
1182.176696	2868
1182.602509	2814
1183.028298	2872
1183.454062	2846
1183.879802	2870
1184.305518	2846
1184.73121	2836
1185.156878	2836
1185.582521	2836
1186.00814	2875
1186.433734	2861
1186.859305	2861
1187.284851	2861
1187.710373	2869
1188.135871	2869
1188.561344	2818
1188.986793	2818
1189.412218	2818
1189.837619	2816
1190.262995	2816
1190.688348	2816
1191.113676	2770
1191.538979	2770
1191.964259	2757
1192.389514	2764
1192.814745	2764
1193.239952	2810
1193.665135	2810
1194.090293	2810
1194.515427	2810
1194.940537	2845
1195.365623	2810
1195.790684	2776
1196.215721	2774
1196.640734	2774
1197.065723	2774
1197.490688	2761
1197.915628	2761
1198.340544	2782
1198.765436	2784
1199.190304	2798
1199.615148	2798
1200.039967	2798
1200.464762	2799
1200.889533	2880
1201.31428	2880
1201.739003	2857
1202.163701	2824
1202.588375	2813
1203.013025	2813
1203.437651	2776
1203.862253	2752
1204.28683	2776
1204.711383	2728
1205.135912	2730
1205.560417	2730
1205.984898	2756
1206.409354	2768
1206.833787	2768
1207.258195	2768
1207.682579	2815
1208.106939	2871
1208.531274	2871
1208.955586	2849
1209.379873	2770
1209.804136	2803
1210.228375	2770
1210.65259	2759
1211.076781	2758
1211.500947	2758
1211.925089	2769
1212.349208	2776
1212.773302	2776
1213.197372	2809
1213.621417	2811
1214.045439	2809
1214.469436	2768
1214.893409	2768
1215.317359	2768
1215.741284	2818
1216.165184	2805
1216.589061	2805
1217.012914	2805
1217.436742	2794
1217.860546	2727
1218.284327	2680
1218.708083	2680
1219.131814	2737
1219.555522	2757
1219.979206	2765
1220.402865	2765
1220.826501	2746
1221.250112	2722
1221.673699	2746
1222.097262	2791
1222.520801	2808
1222.944316	2808
1223.367807	2778
1223.791273	2777
1224.214716	2750
1224.638134	2750
1225.061528	2778
1225.484898	2778
1225.908244	2753
1226.331566	2753
1226.754864	2790
1227.178138	2817
1227.601387	2872
1228.024613	2872
1228.447814	2877
1228.870991	2865
1229.294145	2851
1229.717274	2851
1230.140379	2867
1230.56346	2867
1230.986517	2823
1231.40955	2800
1231.832558	2798
1232.255543	2742
1232.678503	2742
1233.10144	2742
1233.524352	2754
1233.947241	2754
1234.370105	2754
1234.792945	2749
1235.215761	2721
1235.638553	2721
1236.061321	2763
1236.484065	2763
1236.906785	2753
1237.329481	2753
1237.752152	2790
1238.1748	2790
1238.597424	2779
1239.020023	2775
1239.442599	2749
1239.86515	2745
1240.287678	2745
1240.710181	2745
1241.13266	2741
1241.555116	2698
1241.977547	2741
1242.399954	2711
1242.822337	2783
1243.244696	2753
1243.667031	2783
1244.089342	2796
1244.511629	2798
1244.933892	2796
1245.356131	2809
1245.778346	2751
1246.200537	2751
1246.622704	2680
1247.044846	2642
1247.466965	2642
1247.88906	2733
1248.311131	2837
1248.733177	2837
1249.1552	2837
1249.577199	2785
1249.999174	2785
1250.421124	2715
1250.843051	2770
1251.264954	2715
1251.686832	2735
1252.108687	2735
1252.530517	2765
1252.952324	2765
1253.374107	2745
1253.795865	2745
1254.2176	2725
1254.639311	2725
1255.060997	2725
1255.48266	2737
1255.904299	2737
1256.325913	2716
1256.747504	2716
1257.169071	2745
1257.590613	2745
1258.012132	2757
1258.433627	2741
1258.855098	2741
1259.276544	2693
1259.697967	2686
1260.119366	2693
1260.540741	2698
1260.962092	2698
1261.383419	2699
1261.804722	2699
1262.226001	2699
1262.647256	2701
1263.068487	2709
1263.489694	2746
1263.910877	2759
1264.332036	2746
1264.753171	2705
1265.174282	2705
1265.59537	2750
1266.016433	2750
1266.437472	2748
1266.858488	2741
1267.279479	2707
1267.700447	2707
1268.121391	2707
1268.54231	2721
1268.963206	2733
1269.384078	2721
1269.804926	2715
1270.225749	2715
1270.646549	2715
1271.067325	2727
1271.488078	2733
1271.908806	2733
1272.32951	2685
1272.75019	2685
1273.170847	2685
1273.591479	2704
1274.012088	2707
1274.432672	2707
1274.853233	2707
1275.27377	2726
1275.694283	2726
1276.114772	2706
1276.535237	2706
1276.955678	2740
1277.376095	2740
1277.796488	2721
1278.216858	2688
1278.637203	2681
1279.057525	2680
1279.477822	2675
1279.898096	2675
1280.318346	2682
1280.738572	2682
1281.158774	2682
1281.578952	2661
1281.999107	2667
1282.419237	2667
1282.839344	2667
1283.259426	2753
1283.679485	2753
1284.09952	2753
1284.519531	2690
1284.939518	2690
1285.359481	2690
1285.779421	2672
1286.199336	2645
1286.619228	2645
1287.039096	2731
1287.458939	2731
1287.878759	2692
1288.298555	2692
1288.718328	2730
1289.138076	2747
1289.557801	2766
1289.977501	2766
1290.397178	2669
1290.816831	2655
1291.23646	2655
1291.656065	2743
1292.075647	2743
1292.495204	2707
1292.914738	2707
1293.334248	2707
1293.753734	2774
1294.173196	2675
1294.592634	2771
1295.012049	2731
1295.431439	2731
1295.850806	2730
1296.270149	2730
1296.689468	2706
1297.108763	2690
1297.528035	2690
1297.947282	2701
1298.366506	2701
1298.785706	2710
1299.204882	2722
1299.624034	2727
1300.043163	2742
1300.462267	2742
1300.881348	2725
1301.300405	2689
1301.719438	2710
1302.138447	2710
1302.557433	2710
1302.976395	2694
1303.395333	2694
1303.814247	2777
1304.233137	2801
1304.652003	2777
1305.070846	2733
1305.489665	2682
1305.90846	2675
1306.327231	2675
1306.745979	2676
1307.164702	2705
1307.583402	2705
1308.002078	2712
1308.420731	2712
1308.839359	2695
1309.257964	2695
1309.676545	2710
1310.095102	2710
1310.513635	2703
1310.932145	2703
1311.350631	2727
1311.769093	2727
1312.187531	2722
1312.605945	2722
1313.024336	2742
1313.442703	2769
1313.861046	2769
1314.279365	2768
1314.697661	2751
1315.115933	2751
1315.534181	2725
1315.952405	2779
1316.370606	2725
1316.788783	2757
1317.206936	2733
1317.625065	2757
1318.04317	2782
1318.461252	2782
1318.87931	2776
1319.297344	2723
1319.715355	2717
1320.133341	2723
1320.551304	2686
1320.969244	2686
1321.387159	2686
1321.805051	2706
1322.222919	2706
1322.640763	2706
1323.058584	2679
1323.476381	2698
1323.894154	2698
1324.311903	2752
1324.729629	2752
1325.147331	2734
1325.565009	2734
1325.982663	2734
1326.400294	2786
1326.817901	2705
1327.235484	2737
1327.653044	2737
1328.070579	2743
1328.488092	2761
1328.90558	2761
1329.323045	2761
1329.740486	2714
1330.157903	2714
1330.575296	2694
1330.992666	2707
1331.410012	2707
1331.827335	2727
1332.244633	2727
1332.661908	2727
1333.07916	2712
1333.496387	2717
1333.913591	2717
1334.330772	2717
1334.747928	2710
1335.165061	2710
1335.58217	2757
1335.999256	2757
1336.416317	2779
1336.833355	2730
1337.25037	2751
1337.667361	2724
1338.084328	2714
1338.501271	2714
1338.918191	2714
1339.335087	2714
1339.751959	2685
1340.168808	2658
1340.585633	2658
1341.002434	2680
1341.419212	2699
1341.835966	2729
1342.252696	2732
1342.669403	2732
1343.086086	2709
1343.502745	2709
1343.919381	2717
1344.335993	2737
1344.752581	2737
1345.169146	2729
1345.585687	2724
1346.002204	2724
1346.418698	2720
1346.835168	2720
1347.251615	2720
1347.668038	2693
1348.084437	2690
1348.500812	2690
1348.917164	2690
1349.333493	2667
1349.749797	2691
1350.166078	2667
1350.582335	2645
1350.998569	2645
1351.414779	2737
1351.830966	2737
1352.247129	2741
1352.663268	2753
1353.079383	2753
1353.495475	2770
1353.911544	2759
1354.327589	2759
1354.74361	2759
1355.159607	2731
1355.575581	2731
1355.991531	2729
1356.407458	2729
1356.823361	2736
1357.23924	2736
1357.655096	2700
1358.070928	2700
1358.486737	2700
1358.902522	2717
1359.318284	2701
1359.734021	2717
1360.149736	2701
1360.565426	2712
1360.981093	2712
1361.396737	2712
1361.812357	2704
1362.227953	2704
1362.643525	2666
1363.059075	2703
1363.4746	2703
1363.890102	2718
1364.30558	2718
1364.721035	2712
1365.136466	2678
1365.551874	2707
1365.967258	2682
1366.382618	2682
1366.797955	2669
1367.213269	2669
1367.628558	2669
1368.043824	2668
1368.459067	2668
1368.874286	2715
1369.289482	2715
1369.704653	2682
1370.119802	2673
1370.534927	2673
1370.950028	2747
1371.365106	2747
1371.78016	2643
1372.19519	2643
1372.610197	2781
1373.025181	2790
1373.440141	2790
1373.855077	2764
1374.26999	2754
1374.684879	2730
1375.099745	2711
1375.514587	2693
1375.929406	2628
1376.344201	2631
1376.758973	2631
1377.173721	2669
1377.588445	2683
1378.003146	2683
1378.417824	2683
1378.832478	2654
1379.247108	2654
1379.661715	2720
1380.076298	2720
1380.490858	2683
1380.905395	2683
1381.319907	2668
1381.734397	2698
1382.148863	2698
1382.563305	2698
1382.977724	2667
1383.392119	2667
1383.806491	2664
1384.220839	2654
1384.635164	2654
1385.049465	2695
1385.463743	2754
1385.877997	2695
1386.292228	2631
1386.706435	2631
1387.120618	2651
1387.534779	2666
1387.948915	2653
1388.363029	2713
1388.777119	2713
1389.191185	2717
1389.605228	2717
1390.019247	2715
1390.433243	2617
1390.847215	2675
1391.261164	2617
1391.675089	2643
1392.088991	2616
1392.50287	2643
1392.916725	2616
1393.330556	2602
1393.744364	2602
1394.158149	2637
1394.57191	2637
1394.985647	2610
1395.399361	2606
1395.813052	2606
1396.226719	2540
1396.640363	2540
1397.053983	2540
1397.46758	2522
1397.881154	2477
1398.294704	2467
1398.70823	2432
1399.121733	2298
1399.535213	2269
1399.948669	2215
1400.362102	2158
1400.775511	2114
1401.188897	2032
1401.602259	1965
1402.015598	1818
1402.428913	1818
