151.49	687.00
151.77	693.00
152.05	691.00
152.34	693.00
152.62	693.00
152.91	693.00
153.19	691.00
153.47	694.00
153.76	694.00
154.04	697.00
154.32	697.00
154.61	697.00
154.89	698.00
155.18	696.00
155.46	695.00
155.74	696.00
156.03	696.00
156.31	695.00
156.59	693.00
156.88	693.00
157.16	693.00
157.44	693.00
157.73	693.00
158.01	693.00
158.29	697.00
158.58	693.00
158.86	693.00
159.15	693.00
159.43	696.00
159.71	693.00
160.00	693.00
160.28	692.00
160.56	692.00
160.85	692.00
161.13	693.00
161.41	693.00
161.70	693.00
161.98	693.00
162.26	691.00
162.55	691.00
162.83	691.00
163.11	691.00
163.40	691.00
163.68	691.00
163.96	691.00
164.25	685.00
164.53	691.00
164.81	691.00
165.10	691.00
165.38	693.00
165.66	694.00
165.95	694.00
166.23	694.00
166.51	693.00
166.80	693.00
167.08	692.00
167.36	692.00
167.65	690.00
167.93	690.00
168.21	688.00
168.50	686.00
168.78	688.00
169.06	690.00
169.34	689.00
169.63	689.00
169.91	689.00
170.19	689.00
170.48	688.00
170.76	688.00
171.04	690.00
171.33	693.00
171.61	691.00
171.89	692.00
172.17	692.00
172.46	691.00
172.74	689.00
173.02	689.00
173.31	688.00
173.59	689.00
173.87	689.00
174.16	693.00
174.44	694.00
174.72	694.00
175.00	693.00
175.29	693.00
175.57	692.00
175.85	688.00
176.13	688.00
176.42	690.00
176.70	690.00
176.98	689.00
177.27	690.00
177.55	691.00
177.83	692.00
178.11	692.00
178.40	692.00
178.68	690.00
178.96	690.00
179.24	688.00
179.53	688.00
179.81	688.00
180.09	688.00
180.38	685.00
180.66	688.00
180.94	688.00
181.22	690.00
181.51	690.00
181.79	690.00
182.07	687.00
182.35	690.00
182.64	693.00
182.92	691.00
183.20	696.00
183.48	696.00
183.77	692.00
184.05	691.00
184.33	687.00
184.61	687.00
184.90	687.00
185.18	687.00
185.46	688.00
185.74	688.00
186.02	688.00
186.31	689.00
186.59	689.00
186.87	689.00
187.15	689.00
187.44	689.00
187.72	689.00
188.00	689.00
188.28	689.00
188.57	689.00
188.85	690.00
189.13	690.00
189.41	688.00
189.69	688.00
189.98	689.00
190.26	689.00
190.54	691.00
190.82	691.00
191.11	691.00
191.39	691.00
191.67	694.00
191.95	686.00
192.23	685.00
192.52	684.00
192.80	684.00
193.08	684.00
193.36	684.00
193.64	687.00
193.93	687.00
194.21	687.00
194.49	689.00
194.77	689.00
195.05	689.00
195.34	689.00
195.62	688.00
195.90	688.00
196.18	691.00
196.46	690.00
196.75	691.00
197.03	691.00
197.31	691.00
197.59	690.00
197.87	686.00
198.15	684.00
198.44	686.00
198.72	686.00
199.00	690.00
199.28	690.00
199.56	690.00
199.85	690.00
200.13	690.00
200.41	689.00
200.69	689.00
200.97	689.00
201.25	689.00
201.54	688.00
201.82	688.00
202.10	687.00
202.38	686.00
202.66	684.00
202.94	684.00
203.23	684.00
203.51	684.00
203.79	684.00
204.07	684.00
204.35	685.00
204.63	685.00
204.92	685.00
205.20	686.00
205.48	686.00
205.76	686.00
206.04	688.00
206.32	688.00
206.60	688.00
206.89	688.00
207.17	688.00
207.45	688.00
207.73	690.00
208.01	689.00
208.29	689.00
208.57	689.00
208.86	689.00
209.14	688.00
209.42	686.00
209.70	686.00
209.98	686.00
210.26	686.00
210.54	686.00
210.82	686.00
211.11	686.00
211.39	682.00
211.67	684.00
211.95	684.00
212.23	684.00
212.51	684.00
212.79	686.00
213.07	688.00
213.36	689.00
213.64	688.00
213.92	688.00
214.20	689.00
214.48	685.00
214.76	685.00
215.04	686.00
215.32	687.00
215.60	686.00
215.89	687.00
216.17	687.00
216.45	689.00
216.73	688.00
217.01	688.00
217.29	686.00
217.57	688.00
217.85	686.00
218.13	686.00
218.41	689.00
218.70	689.00
218.98	686.00
219.26	689.00
219.54	689.00
219.82	687.00
220.10	690.00
220.38	690.00
220.66	688.00
220.94	688.00
221.22	690.00
221.50	688.00
221.79	689.00
222.07	689.00
222.35	689.00
222.63	686.00
222.91	686.00
223.19	685.00
223.47	685.00
223.75	685.00
224.03	685.00
224.31	685.00
224.59	688.00
224.87	688.00
225.15	688.00
225.43	683.00
225.72	683.00
226.00	682.00
226.28	683.00
226.56	683.00
226.84	690.00
227.12	685.00
227.40	685.00
227.68	685.00
227.96	685.00
228.24	684.00
228.52	682.00
228.80	682.00
229.08	681.00
229.36	681.00
229.64	681.00
229.92	685.00
230.20	685.00
230.48	685.00
230.76	688.00
231.05	689.00
231.33	688.00
231.61	688.00
231.89	688.00
232.17	688.00
232.45	688.00
232.73	688.00
233.01	687.00
233.29	687.00
233.57	687.00
233.85	686.00
234.13	686.00
234.41	686.00
234.69	686.00
234.97	687.00
235.25	687.00
235.53	688.00
235.81	689.00
236.09	688.00
236.37	689.00
236.65	689.00
236.93	689.00
237.21	689.00
237.49	689.00
237.77	688.00
238.05	687.00
238.33	684.00
238.61	683.00
238.89	684.00
239.17	683.00
239.45	683.00
239.73	684.00
240.01	684.00
240.29	681.00
240.57	686.00
240.85	686.00
241.13	686.00
241.41	686.00
241.69	687.00
241.97	687.00
242.25	687.00
242.53	686.00
242.81	689.00
243.09	686.00
243.37	685.00
243.65	684.00
243.93	685.00
244.21	685.00
244.49	685.00
244.77	685.00
245.05	687.00
245.33	686.00
245.61	685.00
245.89	685.00
246.17	686.00
246.45	684.00
246.73	684.00
247.01	686.00
247.29	686.00
247.57	689.00
247.85	689.00
248.13	689.00
248.41	688.00
248.69	689.00
248.97	690.00
249.25	689.00
249.52	689.00
249.80	690.00
250.08	692.00
250.36	692.00
250.64	696.00
250.92	696.00
251.20	697.00
251.48	698.00
251.76	698.00
252.04	698.00
252.32	699.00
252.60	698.00
252.88	692.00
253.16	698.00
253.44	692.00
253.72	691.00
254.00	691.00
254.28	691.00
254.56	691.00
254.83	692.00
255.11	693.00
255.39	693.00
255.67	693.00
255.95	693.00
256.23	691.00
256.51	690.00
256.79	690.00
257.07	690.00
257.35	687.00
257.63	690.00
257.91	687.00
258.19	687.00
258.47	687.00
258.74	688.00
259.02	688.00
259.30	688.00
259.58	688.00
259.86	690.00
260.14	690.00
260.42	688.00
260.70	690.00
260.98	690.00
261.26	690.00
261.54	691.00
261.82	691.00
262.09	685.00
262.37	685.00
262.65	685.00
262.93	685.00
263.21	682.00
263.49	682.00
263.77	682.00
264.05	685.00
264.33	683.00
264.60	685.00
264.88	685.00
265.16	685.00
265.44	686.00
265.72	686.00
266.00	686.00
266.28	685.00
266.56	686.00
266.84	682.00
267.11	682.00
267.39	682.00
267.67	682.00
267.95	679.00
268.23	682.00
268.51	685.00
268.79	685.00
269.07	685.00
269.35	685.00
269.62	685.00
269.90	684.00
270.18	684.00
270.46	684.00
270.74	685.00
271.02	685.00
271.30	685.00
271.57	685.00
271.85	685.00
272.13	686.00
272.41	688.00
272.69	688.00
272.97	688.00
273.25	688.00
273.52	690.00
273.80	682.00
274.08	683.00
274.36	683.00
274.64	683.00
274.92	680.00
275.20	679.00
275.47	679.00
275.75	679.00
276.03	686.00
276.31	686.00
276.59	686.00
276.87	685.00
277.14	682.00
277.42	682.00
277.70	682.00
277.98	685.00
278.26	687.00
278.54	687.00
278.81	689.00
279.09	687.00
279.37	690.00
279.65	690.00
279.93	690.00
280.21	690.00
280.48	691.00
280.76	697.00
281.04	694.00
281.32	697.00
281.60	698.00
281.88	697.00
282.15	698.00
282.43	698.00
282.71	700.00
282.99	701.00
283.27	701.00
283.54	702.00
283.82	704.00
284.10	705.00
284.38	705.00
284.66	705.00
284.93	709.00
285.21	710.00
285.49	709.00
285.77	709.00
286.05	710.00
286.32	710.00
286.60	719.00
286.88	721.00
287.16	726.00
287.44	729.00
287.71	733.00
287.99	733.00
288.27	733.00
288.55	736.00
288.83	736.00
289.10	736.00
289.38	736.00
289.66	736.00
289.94	734.00
290.22	734.00
290.49	733.00
290.77	729.00
291.05	729.00
291.33	727.00
291.60	726.00
291.88	726.00
292.16	726.00
292.44	724.00
292.72	724.00
292.99	725.00
293.27	724.00
293.55	724.00
293.83	725.00
294.10	721.00
294.38	721.00
294.66	728.00
294.94	728.00
295.21	728.00
295.49	728.00
295.77	728.00
296.05	728.00
296.32	729.00
296.60	729.00
296.88	730.00
297.16	730.00
297.43	733.00
297.71	730.00
297.99	733.00
298.27	740.00
298.54	740.00
298.82	740.00
299.10	741.00
299.38	741.00
299.65	741.00
299.93	742.00
300.21	742.00
300.49	742.00
300.76	743.00
301.04	744.00
301.32	749.00
301.60	753.00
301.87	757.00
302.15	760.00
302.43	761.00
302.71	765.00
302.98	767.00
303.26	769.00
303.54	770.00
303.81	770.00
304.09	771.00
304.37	772.00
304.65	777.00
304.92	777.00
305.20	793.00
305.48	794.00
305.75	806.00
306.03	817.00
306.31	818.00
306.59	837.00
306.86	864.00
307.14	896.00
307.42	1003.00
307.69	1084.00
307.97	1084.00
308.25	1084.00
308.53	990.00
308.80	990.00
309.08	989.00
309.36	962.00
309.63	958.00
309.91	873.00
310.19	839.00
310.46	808.00
310.74	803.00
311.02	803.00
311.29	803.00
311.57	793.00
311.85	792.00
312.13	793.00
312.40	793.00
312.68	787.00
312.96	785.00
313.23	785.00
313.51	781.00
313.79	781.00
314.06	779.00
314.34	779.00
314.62	779.00
314.89	778.00
315.17	777.00
315.45	777.00
315.72	770.00
316.00	770.00
316.28	769.00
316.55	759.00
316.83	759.00
317.11	755.00
317.38	755.00
317.66	754.00
317.94	746.00
318.21	746.00
318.49	750.00
318.77	746.00
319.04	750.00
319.32	750.00
319.60	746.00
319.87	741.00
320.15	741.00
320.43	741.00
320.70	739.00
320.98	735.00
321.26	735.00
321.53	734.00
321.81	734.00
322.08	734.00
322.36	734.00
322.64	734.00
322.91	734.00
323.19	734.00
323.47	742.00
323.74	742.00
324.02	745.00
324.30	746.00
324.57	745.00
324.85	746.00
325.12	749.00
325.40	749.00
325.68	747.00
325.95	747.00
326.23	746.00
326.51	746.00
326.78	746.00
327.06	746.00
327.33	750.00
327.61	750.00
327.89	750.00
328.16	746.00
328.44	746.00
328.72	746.00
328.99	742.00
329.27	742.00
329.54	746.00
329.82	744.00
330.10	751.00
330.37	751.00
330.65	745.00
330.92	745.00
331.20	745.00
331.48	745.00
331.75	744.00
332.03	744.00
332.30	744.00
332.58	744.00
332.86	744.00
333.13	734.00
333.41	736.00
333.68	734.00
333.96	731.00
334.24	731.00
334.51	728.00
334.79	728.00
335.06	725.00
335.34	725.00
335.62	725.00
335.89	725.00
336.17	725.00
336.44	724.00
336.72	724.00
336.99	722.00
337.27	720.00
337.55	720.00
337.82	722.00
338.10	722.00
338.37	723.00
338.65	723.00
338.92	723.00
339.20	720.00
339.48	723.00
339.75	720.00
340.03	718.00
340.30	720.00
340.58	720.00
340.85	718.00
341.13	720.00
341.41	720.00
341.68	720.00
341.96	717.00
342.23	720.00
342.51	717.00
342.78	717.00
343.06	716.00
343.33	716.00
343.61	716.00
343.89	715.00
344.16	715.00
344.44	715.00
344.71	715.00
344.99	715.00
345.26	715.00
345.54	715.00
345.81	715.00
346.09	715.00
346.36	715.00
346.64	715.00
346.91	715.00
347.19	715.00
347.47	715.00
347.74	715.00
348.02	714.00
348.29	714.00
348.57	714.00
348.84	712.00
349.12	711.00
349.39	714.00
349.67	711.00
349.94	711.00
350.22	714.00
350.49	715.00
350.77	716.00
351.04	716.00
351.32	716.00
351.59	718.00
351.87	718.00
352.14	716.00
352.42	717.00
352.69	718.00
352.97	717.00
353.24	716.00
353.52	717.00
353.79	718.00
354.07	718.00
354.34	719.00
354.62	720.00
354.89	722.00
355.17	722.00
355.44	723.00
355.72	723.00
355.99	724.00
356.27	724.00
356.54	723.00
356.82	724.00
357.09	725.00
357.37	725.00
357.64	725.00
357.92	725.00
358.19	729.00
358.47	726.00
358.74	726.00
359.02	727.00
359.29	727.00
359.57	727.00
359.84	727.00
360.12	727.00
360.39	728.00
360.67	728.00
360.94	729.00
361.22	730.00
361.49	730.00
361.77	730.00
362.04	730.00
362.32	730.00
362.59	730.00
362.86	730.00
363.14	730.00
363.41	733.00
363.69	730.00
363.96	730.00
364.24	730.00
364.51	724.00
364.79	723.00
365.06	724.00
365.34	724.00
365.61	723.00
365.88	720.00
366.16	725.00
366.43	721.00
366.71	721.00
366.98	726.00
367.26	726.00
367.53	726.00
367.81	726.00
368.08	725.00
368.35	724.00
368.63	725.00
368.90	725.00
369.18	731.00
369.45	731.00
369.73	731.00
370.00	724.00
370.28	721.00
370.55	721.00
370.82	721.00
371.10	721.00
371.37	721.00
371.65	722.00
371.92	728.00
372.20	728.00
372.47	724.00
372.74	724.00
373.02	724.00
373.29	722.00
373.57	724.00
373.84	729.00
374.11	730.00
374.39	732.00
374.66	732.00
374.94	730.00
375.21	732.00
375.49	732.00
375.76	733.00
376.03	733.00
376.31	733.00
376.58	733.00
376.86	733.00
377.13	733.00
377.40	733.00
377.68	734.00
377.95	731.00
378.23	730.00
378.50	730.00
378.77	730.00
379.05	728.00
379.32	722.00
379.60	722.00
379.87	722.00
380.14	722.00
380.42	723.00
380.69	724.00
380.97	723.00
381.24	722.00
381.51	723.00
381.79	724.00
382.06	724.00
382.33	725.00
382.61	725.00
382.88	728.00
383.16	728.00
383.43	725.00
383.70	725.00
383.98	725.00
384.25	720.00
384.52	720.00
384.80	725.00
385.07	727.00
385.35	727.00
385.62	727.00
385.89	726.00
386.17	726.00
386.44	726.00
386.71	726.00
386.99	726.00
387.26	728.00
387.53	724.00
387.81	722.00
388.08	722.00
388.35	720.00
388.63	720.00
388.90	720.00
389.18	725.00
389.45	725.00
389.72	725.00
390.00	720.00
390.27	724.00
390.54	722.00
390.82	722.00
391.09	724.00
391.36	724.00
391.64	722.00
391.91	724.00
392.18	723.00
392.46	721.00
392.73	723.00
393.00	728.00
393.28	723.00
393.55	725.00
393.82	725.00
394.10	724.00
394.37	724.00
394.64	724.00
394.92	724.00
395.19	725.00
395.46	729.00
395.74	729.00
396.01	729.00
396.28	725.00
396.56	724.00
396.83	724.00
397.10	724.00
397.37	725.00
397.65	724.00
397.92	725.00
398.19	721.00
398.47	728.00
398.74	728.00
399.01	728.00
399.29	726.00
399.56	728.00
399.83	726.00
400.11	725.00
400.38	724.00
400.65	725.00
400.92	725.00
401.20	725.00
401.47	723.00
401.74	728.00
402.02	723.00
402.29	723.00
402.56	723.00
402.84	720.00
403.11	720.00
403.38	720.00
403.65	720.00
403.93	722.00
404.20	723.00
404.47	722.00
404.75	722.00
405.02	722.00
405.29	723.00
405.56	719.00
405.84	723.00
406.11	723.00
406.38	720.00
406.65	720.00
406.93	720.00
407.20	720.00
407.47	722.00
407.75	722.00
408.02	724.00
408.29	722.00
408.56	722.00
408.84	724.00
409.11	727.00
409.38	729.00
409.65	729.00
409.93	729.00
410.20	729.00
410.47	726.00
410.74	726.00
411.02	730.00
411.29	730.00
411.56	726.00
411.83	730.00
412.11	725.00
412.38	722.00
412.65	722.00
412.92	726.00
413.20	726.00
413.47	726.00
413.74	726.00
414.01	725.00
414.29	725.00
414.56	725.00
414.83	725.00
415.10	725.00
415.38	726.00
415.65	726.00
415.92	726.00
416.19	723.00
416.47	720.00
416.74	720.00
417.01	724.00
417.28	724.00
417.55	726.00
417.83	726.00
418.10	728.00
418.37	728.00
418.64	729.00
418.92	729.00
419.19	729.00
419.46	729.00
419.73	729.00
420.00	727.00
420.28	727.00
420.55	729.00
420.82	727.00
421.09	723.00
421.37	723.00
421.64	723.00
421.91	723.00
422.18	724.00
422.45	725.00
422.73	724.00
423.00	729.00
423.27	729.00
423.54	728.00
423.81	728.00
424.09	731.00
424.36	731.00
424.63	731.00
424.90	733.00
425.17	733.00
425.45	733.00
425.72	730.00
425.99	730.00
426.26	728.00
426.53	730.00
426.80	730.00
427.08	729.00
427.35	729.00
427.62	729.00
427.89	723.00
428.16	723.00
428.44	732.00
428.71	723.00
428.98	732.00
429.25	735.00
429.52	732.00
429.79	728.00
430.07	728.00
430.34	728.00
430.61	728.00
430.88	734.00
431.15	734.00
431.42	734.00
431.70	734.00
431.97	733.00
432.24	732.00
432.51	733.00
432.78	733.00
433.05	734.00
433.33	736.00
433.60	737.00
433.87	737.00
434.14	740.00
434.41	740.00
434.68	740.00
434.95	740.00
435.23	743.00
435.50	743.00
435.77	745.00
436.04	745.00
436.31	745.00
436.58	745.00
436.85	745.00
437.13	743.00
437.40	743.00
437.67	742.00
437.94	740.00
438.21	740.00
438.48	740.00
438.75	740.00
439.03	740.00
439.30	739.00
439.57	739.00
439.84	737.00
440.11	734.00
440.38	733.00
440.65	733.00
440.92	730.00
441.20	730.00
441.47	730.00
441.74	730.00
442.01	730.00
442.28	730.00
442.55	733.00
442.82	735.00
443.09	735.00
443.37	735.00
443.64	735.00
443.91	733.00
444.18	733.00
444.45	729.00
444.72	733.00
444.99	730.00
445.26	730.00
445.53	730.00
445.81	730.00
446.08	730.00
446.35	729.00
446.62	729.00
446.89	728.00
447.16	729.00
447.43	729.00
447.70	730.00
447.97	728.00
448.24	730.00
448.51	730.00
448.79	730.00
449.06	729.00
449.33	732.00
449.60	732.00
449.87	732.00
450.14	732.00
450.41	732.00
450.68	730.00
450.95	726.00
451.22	726.00
451.49	726.00
451.76	726.00
452.04	726.00
452.31	728.00
452.58	726.00
452.85	730.00
453.12	731.00
453.39	731.00
453.66	730.00
453.93	731.00
454.20	730.00
454.47	728.00
454.74	728.00
455.01	728.00
455.28	728.00
455.55	727.00
455.82	725.00
456.10	725.00
456.37	725.00
456.64	725.00
456.91	725.00
457.18	726.00
457.45	726.00
457.72	725.00
457.99	727.00
458.26	727.00
458.53	727.00
458.80	725.00
459.07	725.00
459.34	725.00
459.61	729.00
459.88	726.00
460.15	731.00
460.42	731.00
460.69	730.00
460.96	730.00
461.23	731.00
461.50	730.00
461.77	729.00
462.05	728.00
462.32	724.00
462.59	721.00
462.86	721.00
463.13	721.00
463.40	723.00
463.67	723.00
463.94	724.00
464.21	724.00
464.48	725.00
464.75	725.00
465.02	725.00
465.29	726.00
465.56	726.00
465.83	730.00
466.10	730.00
466.37	728.00
466.64	724.00
466.91	724.00
467.18	724.00
467.45	724.00
467.72	724.00
467.99	724.00
468.26	728.00
468.53	729.00
468.80	729.00
469.07	729.00
469.34	729.00
469.61	729.00
469.88	729.00
470.15	735.00
470.42	735.00
470.69	732.00
470.96	732.00
471.23	731.00
471.50	731.00
471.77	731.00
472.04	728.00
472.31	729.00
472.58	729.00
472.85	729.00
473.12	729.00
473.39	729.00
473.66	721.00
473.93	729.00
474.20	729.00
474.47	731.00
474.74	731.00
475.01	731.00
475.28	731.00
475.55	728.00
475.82	723.00
476.09	723.00
476.36	728.00
476.62	728.00
476.89	725.00
477.16	728.00
477.43	732.00
477.70	728.00
477.97	726.00
478.24	726.00
478.51	726.00
478.78	726.00
479.05	726.00
479.32	726.00
479.59	726.00
479.86	726.00
480.13	726.00
480.40	726.00
480.67	733.00
480.94	736.00
481.21	747.00
481.48	747.00
481.75	747.00
482.02	741.00
482.29	734.00
482.55	730.00
482.82	728.00
483.09	730.00
483.36	724.00
483.63	724.00
483.90	724.00
484.17	725.00
484.44	725.00
484.71	725.00
484.98	726.00
485.25	726.00
485.52	725.00
485.79	724.00
486.06	723.00
486.33	723.00
486.59	724.00
486.86	726.00
487.13	726.00
487.40	726.00
487.67	727.00
487.94	727.00
488.21	725.00
488.48	725.00
488.75	727.00
489.02	725.00
489.29	725.00
489.56	729.00
489.82	729.00
490.09	729.00
490.36	729.00
490.63	728.00
490.90	728.00
491.17	732.00
491.44	730.00
491.71	730.00
491.98	730.00
492.25	730.00
492.51	728.00
492.78	728.00
493.05	726.00
493.32	728.00
493.59	726.00
493.86	726.00
494.13	726.00
494.40	728.00
494.67	723.00
494.94	728.00
495.20	731.00
495.47	728.00
495.74	728.00
496.01	728.00
496.28	728.00
496.55	728.00
496.82	728.00
497.09	728.00
497.35	722.00
497.62	722.00
497.89	723.00
498.16	723.00
498.43	723.00
498.70	723.00
498.97	723.00
499.24	730.00
499.50	723.00
499.77	723.00
500.04	726.00
500.31	732.00
500.58	730.00
500.85	730.00
501.12	732.00
501.38	730.00
501.65	730.00
501.92	730.00
502.19	730.00
502.46	728.00
502.73	726.00
503.00	728.00
503.26	726.00
503.53	726.00
503.80	726.00
504.07	725.00
504.34	725.00
504.61	725.00
504.88	726.00
505.14	727.00
505.41	731.00
505.68	729.00
505.95	729.00
506.22	727.00
506.49	729.00
506.75	727.00
507.02	725.00
507.29	727.00
507.56	727.00
507.83	727.00
508.10	731.00
508.36	731.00
508.63	727.00
508.90	729.00
509.17	729.00
509.44	727.00
509.71	729.00
509.97	729.00
510.24	727.00
510.51	720.00
510.78	720.00
511.05	720.00
511.31	728.00
511.58	728.00
511.85	728.00
512.12	729.00
512.39	725.00
512.66	725.00
512.92	725.00
513.19	729.00
513.46	725.00
513.73	724.00
514.00	721.00
514.26	724.00
514.53	722.00
514.80	722.00
515.07	722.00
515.34	724.00
515.60	724.00
515.87	724.00
516.14	726.00
516.41	725.00
516.68	726.00
516.94	725.00
517.21	726.00
517.48	725.00
517.75	725.00
518.01	725.00
518.28	725.00
518.55	725.00
518.82	725.00
519.09	726.00
519.35	726.00
519.62	726.00
519.89	726.00
520.16	729.00
520.42	726.00
520.69	725.00
520.96	730.00
521.23	725.00
521.50	725.00
521.76	725.00
522.03	725.00
522.30	721.00
522.57	720.00
522.83	720.00
523.10	719.00
523.37	720.00
523.64	721.00
523.90	724.00
524.17	724.00
524.44	724.00
524.71	724.00
524.98	726.00
525.24	724.00
525.51	726.00
525.78	726.00
526.05	726.00
526.31	726.00
526.58	732.00
526.85	734.00
527.12	734.00
527.38	732.00
527.65	732.00
527.92	732.00
528.18	732.00
528.45	729.00
528.72	729.00
528.99	729.00
529.25	728.00
529.52	727.00
529.79	725.00
530.06	724.00
530.32	724.00
530.59	724.00
530.86	724.00
531.13	732.00
531.39	732.00
531.66	731.00
531.93	730.00
532.19	731.00
532.46	730.00
532.73	730.00
533.00	730.00
533.26	731.00
533.53	727.00
533.80	728.00
534.07	728.00
534.33	727.00
534.60	727.00
534.87	727.00
535.13	727.00
535.40	727.00
535.67	727.00
535.93	727.00
536.20	727.00
536.47	723.00
536.74	723.00
537.00	727.00
537.27	726.00
537.54	726.00
537.80	727.00
538.07	727.00
538.34	727.00
538.61	733.00
538.87	733.00
539.14	733.00
539.41	733.00
539.67	733.00
539.94	733.00
540.21	737.00
540.47	737.00
540.74	733.00
541.01	737.00
541.27	738.00
541.54	733.00
541.81	733.00
542.07	738.00
542.34	737.00
542.61	737.00
542.87	740.00
543.14	740.00
543.41	746.00
543.68	748.00
543.94	746.00
544.21	749.00
544.48	750.00
544.74	750.00
545.01	744.00
545.28	750.00
545.54	749.00
545.81	744.00
546.08	742.00
546.34	742.00
546.61	742.00
546.88	741.00
547.14	742.00
547.41	739.00
547.67	741.00
547.94	741.00
548.21	741.00
548.47	731.00
548.74	734.00
549.01	731.00
549.27	730.00
549.54	729.00
549.81	730.00
550.07	730.00
550.34	732.00
550.61	735.00
550.87	735.00
551.14	737.00
551.41	737.00
551.67	736.00
551.94	730.00
552.20	734.00
552.47	730.00
552.74	727.00
553.00	727.00
553.27	730.00
553.54	725.00
553.80	729.00
554.07	729.00
554.34	727.00
554.60	727.00
554.87	727.00
555.13	726.00
555.40	727.00
555.67	730.00
555.93	726.00
556.20	729.00
556.46	729.00
556.73	725.00
557.00	725.00
557.26	725.00
557.53	725.00
557.80	728.00
558.06	731.00
558.33	731.00
558.59	731.00
558.86	731.00
559.13	730.00
559.39	729.00
559.66	730.00
559.92	731.00
560.19	731.00
560.46	731.00
560.72	731.00
560.99	728.00
561.25	728.00
561.52	728.00
561.79	728.00
562.05	728.00
562.32	728.00
562.58	730.00
562.85	730.00
563.12	730.00
563.38	730.00
563.65	730.00
563.91	730.00
564.18	732.00
564.44	730.00
564.71	733.00
564.98	730.00
565.24	729.00
565.51	729.00
565.77	731.00
566.04	729.00
566.31	729.00
566.57	731.00
566.84	731.00
567.10	731.00
567.37	735.00
567.63	735.00
567.90	735.00
568.17	731.00
568.43	731.00
568.70	731.00
568.96	731.00
569.23	731.00
569.49	730.00
569.76	730.00
570.02	730.00
570.29	730.00
570.56	729.00
570.82	728.00
571.09	729.00
571.35	728.00
571.62	728.00
571.88	728.00
572.15	733.00
572.41	730.00
572.68	730.00
572.95	728.00
573.21	728.00
573.48	728.00
573.74	728.00
574.01	728.00
574.27	731.00
574.54	731.00
574.80	731.00
575.07	732.00
575.33	733.00
575.60	737.00
575.86	737.00
576.13	733.00
576.40	728.00
576.66	728.00
576.93	728.00
577.19	730.00
577.46	733.00
577.72	736.00
577.99	736.00
578.25	733.00
578.52	733.00
578.78	736.00
579.05	735.00
579.31	735.00
579.58	738.00
579.84	740.00
580.11	738.00
580.37	738.00
580.64	738.00
580.90	737.00
581.17	737.00
581.43	736.00
581.70	736.00
581.96	738.00
582.23	738.00
582.49	738.00
582.76	740.00
583.02	738.00
583.29	740.00
583.55	740.00
583.82	740.00
584.08	740.00
584.35	747.00
584.61	747.00
584.88	744.00
585.14	743.00
585.41	744.00
585.67	744.00
585.94	746.00
586.20	746.00
586.47	748.00
586.73	748.00
587.00	746.00
587.26	746.00
587.53	748.00
587.79	746.00
588.06	746.00
588.32	746.00
588.59	746.00
588.85	743.00
589.12	743.00
589.38	742.00
589.65	742.00
589.91	742.00
590.17	745.00
590.44	745.00
590.70	745.00
590.97	745.00
591.23	745.00
591.50	743.00
591.76	741.00
592.03	749.00
592.29	749.00
592.56	746.00
592.82	746.00
593.09	746.00
593.35	746.00
593.62	743.00
593.88	742.00
594.14	742.00
594.41	742.00
594.67	742.00
594.94	742.00
595.20	741.00
595.47	737.00
595.73	737.00
596.00	737.00
596.26	737.00
596.52	737.00
596.79	737.00
597.05	737.00
597.32	737.00
597.58	733.00
597.85	733.00
598.11	733.00
598.37	733.00
598.64	733.00
598.90	738.00
599.17	738.00
599.43	738.00
599.70	738.00
599.96	733.00
600.22	733.00
600.49	733.00
600.75	734.00
601.02	734.00
601.28	734.00
601.55	734.00
601.81	734.00
602.07	734.00
602.34	734.00
602.60	731.00
602.87	731.00
603.13	732.00
603.40	732.00
603.66	738.00
603.92	741.00
604.19	741.00
604.45	742.00
604.72	749.00
604.98	749.00
605.24	752.00
605.51	752.00
605.77	754.00
606.04	756.00
606.30	756.00
606.56	754.00
606.83	754.00
607.09	752.00
607.36	750.00
607.62	749.00
607.88	748.00
608.15	746.00
608.41	746.00
608.68	747.00
608.94	741.00
609.20	747.00
609.47	749.00
609.73	747.00
609.99	742.00
610.26	742.00
610.52	739.00
610.79	734.00
611.05	734.00
611.31	732.00
611.58	732.00
611.84	738.00
612.10	741.00
612.37	742.00
612.63	742.00
612.90	742.00
613.16	740.00
613.40	733.00
613.66	733.00
613.93	730.00
614.20	730.00
614.46	730.00
614.73	729.00
615.00	729.00
615.27	729.00
615.53	729.00
615.80	729.00
616.07	728.00
616.33	728.00
616.60	728.00
616.87	728.00
617.13	728.00
617.40	728.00
617.67	725.00
617.94	724.00
618.20	724.00
618.47	724.00
618.74	723.00
619.00	725.00
619.27	728.00
619.54	725.00
619.80	724.00
620.07	725.00
620.34	725.00
620.61	725.00
620.87	725.00
621.14	725.00
621.41	727.00
621.67	727.00
621.94	726.00
622.21	726.00
622.47	726.00
622.74	725.00
623.01	725.00
623.27	725.00
623.54	725.00
623.81	725.00
624.07	725.00
624.34	725.00
624.61	723.00
624.87	722.00
625.14	723.00
625.41	724.00
625.67	722.00
625.94	724.00
626.21	724.00
626.47	723.00
626.74	723.00
627.01	726.00
627.27	723.00
627.54	725.00
627.81	725.00
628.07	725.00
628.34	724.00
628.61	724.00
628.87	720.00
629.14	724.00
629.41	721.00
629.67	721.00
629.94	721.00
630.21	721.00
630.47	721.00
630.74	722.00
631.00	722.00
631.27	719.00
631.54	722.00
631.80	719.00
632.07	719.00
632.34	727.00
632.60	727.00
632.87	722.00
633.14	728.00
633.40	723.00
633.67	723.00
633.93	725.00
634.20	726.00
634.47	726.00
634.73	728.00
635.00	726.00
635.27	726.00
635.53	721.00
635.80	720.00
636.07	720.00
636.33	720.00
636.60	720.00
636.86	721.00
637.13	722.00
637.40	723.00
637.66	723.00
637.93	725.00
638.19	725.00
638.46	726.00
638.73	722.00
638.99	720.00
639.26	717.00
639.52	717.00
639.79	717.00
640.06	717.00
640.32	718.00
640.59	718.00
640.86	718.00
641.12	718.00
641.39	720.00
641.65	714.00
641.92	720.00
642.18	720.00
642.45	720.00
642.72	721.00
642.98	723.00
643.25	725.00
643.51	725.00
643.78	724.00
644.05	724.00
644.31	721.00
644.58	720.00
644.84	717.00
645.11	717.00
645.38	717.00
645.64	720.00
645.91	720.00
646.17	720.00
646.44	720.00
646.70	720.00
646.97	720.00
647.24	720.00
647.50	725.00
647.77	725.00
648.03	722.00
648.30	725.00
648.56	724.00
648.83	722.00
649.10	722.00
649.36	722.00
649.63	721.00
649.89	721.00
650.16	718.00
650.42	721.00
650.69	721.00
650.96	724.00
651.22	720.00
651.49	727.00
651.75	727.00
652.02	727.00
652.28	719.00
652.55	720.00
652.81	720.00
653.08	718.00
653.34	718.00
653.61	720.00
653.88	720.00
654.14	720.00
654.41	720.00
654.67	723.00
654.94	723.00
655.20	723.00
655.47	721.00
655.73	723.00
656.00	721.00
656.26	718.00
656.53	718.00
656.80	718.00
657.06	718.00
657.33	718.00
657.59	717.00
657.86	717.00
658.12	721.00
658.39	721.00
658.65	724.00
658.92	727.00
659.18	727.00
659.45	724.00
659.71	722.00
659.98	717.00
660.24	717.00
660.51	722.00
660.77	722.00
661.04	721.00
661.30	721.00
661.57	719.00
661.83	719.00
662.10	719.00
662.36	719.00
662.63	719.00
662.89	722.00
663.16	720.00
663.42	721.00
663.69	721.00
663.95	721.00
664.22	721.00
664.48	721.00
664.75	721.00
665.01	724.00
665.28	724.00
665.54	722.00
665.81	722.00
666.07	722.00
666.34	722.00
666.60	716.00
666.87	716.00
667.13	723.00
667.40	723.00
667.66	723.00
667.93	723.00
668.19	720.00
668.46	720.00
668.72	720.00
668.99	723.00
669.25	723.00
669.52	723.00
669.78	723.00
670.05	721.00
670.31	719.00
670.58	719.00
670.84	721.00
671.11	719.00
671.37	719.00
671.64	721.00
671.90	718.00
672.16	718.00
672.43	725.00
672.69	725.00
672.96	724.00
673.22	724.00
673.49	724.00
673.75	723.00
674.02	723.00
674.28	721.00
674.55	721.00
674.81	723.00
675.08	727.00
675.34	727.00
675.60	727.00
675.87	727.00
676.13	725.00
676.40	720.00
676.66	720.00
676.93	720.00
677.19	720.00
677.46	723.00
677.72	723.00
677.98	728.00
678.25	723.00
678.51	717.00
678.78	717.00
679.04	719.00
679.31	717.00
679.57	719.00
679.84	719.00
680.10	717.00
680.36	717.00
680.63	717.00
680.89	717.00
681.16	717.00
681.42	720.00
681.69	725.00
681.95	725.00
682.21	725.00
682.48	725.00
682.74	724.00
683.01	720.00
683.27	720.00
683.54	718.00
683.80	719.00
684.06	719.00
684.33	718.00
684.59	718.00
684.86	719.00
685.12	717.00
685.38	716.00
685.65	717.00
685.91	717.00
686.18	717.00
686.44	717.00
686.70	720.00
686.97	717.00
687.23	725.00
687.50	725.00
687.76	722.00
688.02	715.00
688.29	722.00
688.55	715.00
688.82	715.00
689.08	715.00
689.34	716.00
689.61	716.00
689.87	716.00
690.14	721.00
690.40	721.00
690.66	721.00
690.93	721.00
691.19	721.00
691.46	722.00
691.72	722.00
691.98	722.00
692.25	725.00
692.51	725.00
692.77	725.00
693.04	720.00
693.30	720.00
693.57	720.00
693.83	720.00
694.09	720.00
694.36	720.00
694.62	721.00
694.88	722.00
695.15	720.00
695.41	725.00
695.68	725.00
695.94	725.00
696.20	722.00
696.47	722.00
696.73	722.00
696.99	722.00
697.26	722.00
697.52	722.00
697.78	722.00
698.05	722.00
698.31	722.00
698.58	722.00
698.84	722.00
699.10	722.00
699.37	722.00
699.63	722.00
699.89	721.00
700.16	721.00
700.42	720.00
700.68	721.00
700.95	717.00
701.21	717.00
701.47	717.00
701.74	724.00
702.00	720.00
702.26	720.00
702.53	726.00
702.79	720.00
703.05	720.00
703.32	720.00
703.58	720.00
703.84	720.00
704.11	722.00
704.37	722.00
704.63	726.00
704.90	726.00
705.16	726.00
705.42	720.00
705.69	720.00
705.95	720.00
706.21	720.00
706.48	717.00
706.74	720.00
707.00	722.00
707.27	722.00
707.53	724.00
707.79	724.00
708.05	722.00
708.32	726.00
708.58	725.00
708.84	715.00
709.11	725.00
709.37	725.00
709.63	721.00
709.90	721.00
710.16	721.00
710.42	721.00
710.69	721.00
710.95	721.00
711.21	720.00
711.47	720.00
711.74	721.00
712.00	722.00
712.26	721.00
712.53	722.00
712.79	721.00
713.05	721.00
713.32	721.00
713.58	721.00
713.84	721.00
714.10	721.00
714.37	721.00
714.63	722.00
714.89	722.00
715.16	720.00
715.42	720.00
715.68	722.00
715.94	724.00
716.21	724.00
716.47	724.00
716.73	724.00
716.99	723.00
717.26	723.00
717.52	723.00
717.78	719.00
718.05	719.00
718.31	720.00
718.57	719.00
718.83	716.00
719.10	720.00
719.36	720.00
719.62	716.00
719.88	722.00
720.15	722.00
720.41	722.00
720.67	720.00
720.93	720.00
721.20	720.00
721.46	717.00
721.72	717.00
721.98	717.00
722.25	717.00
722.51	716.00
722.77	717.00
723.03	721.00
723.30	721.00
723.56	724.00
723.82	724.00
724.08	717.00
724.35	717.00
724.61	717.00
724.87	717.00
725.13	717.00
725.40	717.00
725.66	720.00
725.92	717.00
726.18	720.00
726.45	718.00
726.71	721.00
726.97	721.00
727.23	721.00
727.50	724.00
727.76	724.00
728.02	721.00
728.28	720.00
728.54	720.00
728.81	718.00
729.07	718.00
729.33	718.00
729.59	718.00
729.86	722.00
730.12	725.00
730.38	722.00
730.64	722.00
730.90	722.00
731.17	722.00
731.43	722.00
731.69	721.00
731.95	720.00
732.21	720.00
732.48	720.00
732.74	720.00
733.00	720.00
733.26	720.00
733.53	720.00
733.79	720.00
734.05	720.00
734.31	717.00
734.57	717.00
734.84	718.00
735.10	723.00
735.36	723.00
735.62	723.00
735.88	727.00
736.15	727.00
736.41	724.00
736.67	724.00
736.93	724.00
737.19	720.00
737.45	720.00
737.72	720.00
737.98	718.00
738.24	720.00
738.50	720.00
738.76	720.00
739.03	720.00
739.29	720.00
739.55	720.00
739.81	720.00
740.07	718.00
740.33	717.00
740.60	718.00
740.86	718.00
741.12	717.00
741.38	718.00
741.64	718.00
741.90	722.00
742.17	720.00
742.43	720.00
742.69	719.00
742.95	719.00
743.21	716.00
743.47	716.00
743.74	716.00
744.00	716.00
744.26	717.00
744.52	717.00
744.78	717.00
745.04	717.00
745.31	717.00
745.57	717.00
745.83	717.00
746.09	721.00
746.35	718.00
746.61	721.00
746.87	722.00
747.14	722.00
747.40	722.00
747.66	722.00
747.92	721.00
748.18	721.00
748.44	721.00
748.70	717.00
748.97	717.00
749.23	720.00
749.49	717.00
749.75	717.00
750.01	717.00
750.27	718.00
750.53	717.00
750.79	718.00
751.06	718.00
751.32	720.00
751.58	723.00
751.84	723.00
752.10	723.00
752.36	723.00
752.62	725.00
752.88	724.00
753.15	725.00
753.41	724.00
753.67	724.00
753.93	724.00
754.19	724.00
754.45	724.00
754.71	724.00
754.97	724.00
755.24	721.00
755.50	720.00
755.76	721.00
756.02	724.00
756.28	720.00
756.54	720.00
756.80	720.00
757.06	720.00
757.32	720.00
757.58	720.00
757.85	725.00
758.11	725.00
758.37	723.00
758.63	723.00
758.89	723.00
759.15	723.00
759.41	727.00
759.67	727.00
759.93	727.00
760.19	726.00
760.46	719.00
760.72	719.00
760.98	719.00
761.24	720.00
761.50	720.00
761.76	720.00
762.02	720.00
762.28	722.00
762.54	723.00
762.80	724.00
763.06	724.00
763.32	725.00
763.58	725.00
763.85	725.00
764.11	725.00
764.37	725.00
764.63	725.00
764.89	723.00
765.15	723.00
765.41	721.00
765.67	723.00
765.93	720.00
766.19	720.00
766.45	717.00
766.71	717.00
766.97	717.00
767.23	717.00
767.49	721.00
767.76	722.00
768.02	722.00
768.28	722.00
768.54	722.00
768.80	723.00
769.06	723.00
769.32	723.00
769.58	723.00
769.84	723.00
770.10	724.00
770.36	722.00
770.62	720.00
770.88	721.00
771.14	721.00
771.40	721.00
771.66	721.00
771.92	722.00
772.18	722.00
772.44	723.00
772.70	720.00
772.96	717.00
773.22	717.00
773.48	725.00
773.75	724.00
774.01	724.00
774.27	724.00
774.53	724.00
774.79	724.00
775.05	718.00
775.31	720.00
775.57	720.00
775.83	720.00
776.09	718.00
776.35	718.00
776.61	718.00
776.87	720.00
777.13	721.00
777.39	721.00
777.65	725.00
777.91	725.00
778.17	721.00
778.43	724.00
778.69	724.00
778.95	724.00
779.21	720.00
779.47	720.00
779.73	720.00
779.99	721.00
780.25	720.00
780.51	721.00
780.77	721.00
781.03	720.00
781.29	720.00
781.55	721.00
781.81	724.00
782.07	724.00
782.33	724.00
782.59	722.00
782.85	721.00
783.11	721.00
783.37	718.00
783.63	721.00
783.89	722.00
784.15	729.00
784.41	722.00
784.67	725.00
784.93	725.00
785.19	723.00
785.45	723.00
785.71	723.00
785.97	723.00
786.23	724.00
786.49	724.00
786.75	724.00
787.01	724.00
787.27	724.00
787.53	726.00
787.79	723.00
788.04	728.00
788.30	728.00
788.56	728.00
788.82	727.00
789.08	727.00
789.34	727.00
789.60	724.00
789.86	722.00
790.12	722.00
790.38	721.00
790.64	722.00
790.90	725.00
791.16	728.00
791.42	728.00
791.68	728.00
791.94	726.00
792.20	726.00
792.46	725.00
792.72	724.00
792.98	724.00
793.24	721.00
793.50	721.00
793.76	727.00
794.01	730.00
794.27	730.00
794.53	730.00
794.79	730.00
795.05	730.00
795.31	730.00
795.57	730.00
795.83	727.00
796.09	731.00
796.35	731.00
796.61	730.00
796.87	723.00
797.13	730.00
797.39	730.00
797.65	730.00
797.91	731.00
798.16	731.00
798.42	731.00
798.68	731.00
798.94	732.00
799.20	731.00
799.46	732.00
799.72	732.00
799.98	732.00
800.24	732.00
800.50	732.00
800.76	731.00
801.02	729.00
801.27	730.00
801.53	729.00
801.79	729.00
802.05	730.00
802.31	730.00
802.57	731.00
802.83	731.00
803.09	731.00
803.35	731.00
803.61	732.00
803.87	728.00
804.12	732.00
804.38	733.00
804.64	734.00
804.90	734.00
805.16	737.00
805.42	737.00
805.68	737.00
805.94	735.00
806.20	734.00
806.45	734.00
806.71	733.00
806.97	733.00
807.23	735.00
807.49	735.00
807.75	737.00
808.01	737.00
808.27	737.00
808.53	737.00
808.78	741.00
809.04	737.00
809.30	742.00
809.56	742.00
809.82	742.00
810.08	745.00
810.34	745.00
810.60	745.00
810.85	745.00
811.11	745.00
811.37	745.00
811.63	745.00
811.89	745.00
812.15	745.00
812.41	745.00
812.67	752.00
812.92	747.00
813.18	752.00
813.44	755.00
813.70	755.00
813.96	755.00
814.22	757.00
814.48	758.00
814.73	762.00
814.99	762.00
815.25	763.00
815.51	763.00
815.77	765.00
816.03	767.00
816.28	768.00
816.54	770.00
816.80	775.00
817.06	778.00
817.32	775.00
817.58	780.00
817.84	784.00
818.09	793.00
818.35	793.00
818.61	798.00
818.87	799.00
819.13	802.00
819.39	802.00
819.64	805.00
819.90	824.00
820.16	829.00
820.42	837.00
820.68	840.00
820.94	857.00
821.19	871.00
821.45	874.00
821.71	879.00
821.97	901.00
822.23	910.00
822.48	914.00
822.74	925.00
823.00	947.00
823.26	957.00
823.52	973.00
823.78	978.00
824.03	991.00
824.29	1001.00
824.55	1001.00
824.81	1007.00
825.07	1015.00
825.32	1017.00
825.58	1015.00
825.84	1015.00
826.10	985.00
826.36	979.00
826.61	972.00
826.87	971.00
827.13	953.00
827.39	948.00
827.65	946.00
827.90	940.00
828.16	909.00
828.42	901.00
828.68	895.00
828.94	875.00
829.19	871.00
829.45	852.00
829.71	852.00
829.97	849.00
830.23	842.00
830.48	832.00
830.74	828.00
831.00	827.00
831.26	821.00
831.52	818.00
831.77	810.00
832.03	806.00
832.29	802.00
832.55	801.00
832.80	789.00
833.06	789.00
833.32	789.00
833.58	787.00
833.84	787.00
834.09	784.00
834.35	775.00
834.61	774.00
834.87	774.00
835.12	769.00
835.38	768.00
835.64	769.00
835.90	769.00
836.15	769.00
836.41	769.00
836.67	771.00
836.93	769.00
837.18	771.00
837.44	771.00
837.70	768.00
837.96	768.00
838.21	770.00
838.47	770.00
838.73	770.00
838.99	770.00
839.24	770.00
839.50	769.00
839.76	769.00
840.02	766.00
840.27	766.00
840.53	766.00
840.79	765.00
841.05	765.00
841.30	765.00
841.56	765.00
841.82	760.00
842.08	760.00
842.33	760.00
842.59	760.00
842.85	760.00
843.11	764.00
843.36	764.00
843.62	764.00
843.88	767.00
844.14	767.00
844.39	767.00
844.65	767.00
844.91	767.00
845.16	767.00
845.42	772.00
845.68	772.00
845.94	772.00
846.19	772.00
846.45	773.00
846.71	773.00
846.96	779.00
847.22	784.00
847.48	784.00
847.74	784.00
847.99	784.00
848.25	790.00
848.51	792.00
848.76	796.00
849.02	797.00
849.28	798.00
849.54	798.00
849.79	798.00
850.05	805.00
850.31	815.00
850.56	824.00
850.82	825.00
851.08	828.00
851.33	830.00
851.59	841.00
851.85	848.00
852.11	853.00
852.36	877.00
852.62	885.00
852.88	890.00
853.13	899.00
853.39	917.00
853.65	917.00
853.90	942.00
854.16	967.00
854.42	974.00
854.67	998.00
854.93	1012.00
855.19	1025.00
855.44	1053.00
855.70	1065.00
855.96	1091.00
856.21	1098.00
856.47	1113.00
856.73	1113.00
856.98	1115.00
857.24	1118.00
857.50	1115.00
857.76	1114.00
858.01	1114.00
858.27	1105.00
858.53	1085.00
858.78	1080.00
859.04	1050.00
859.29	1043.00
859.55	1017.00
859.81	1012.00
860.06	1000.00
860.32	975.00
860.58	954.00
860.83	937.00
861.09	933.00
861.35	915.00
861.60	896.00
861.86	890.00
862.12	887.00
862.37	887.00
862.63	874.00
862.89	861.00
863.14	858.00
863.40	853.00
863.66	842.00
863.91	837.00
864.17	834.00
864.43	833.00
864.68	826.00
864.94	824.00
865.19	821.00
865.45	821.00
865.71	819.00
865.96	814.00
866.22	811.00
866.48	810.00
866.73	807.00
866.99	799.00
867.24	796.00
867.50	796.00
867.76	794.00
868.01	794.00
868.27	793.00
868.53	792.00
868.78	789.00
869.04	786.00
869.29	784.00
869.55	784.00
869.81	779.00
870.06	781.00
870.32	779.00
870.58	775.00
870.83	771.00
871.09	766.00
871.34	766.00
871.60	766.00
871.86	762.00
872.11	762.00
872.37	765.00
872.62	762.00
872.88	762.00
873.14	758.00
873.39	758.00
873.65	755.00
873.90	755.00
874.16	755.00
874.42	762.00
874.67	755.00
874.93	755.00
875.18	760.00
875.44	760.00
875.70	758.00
875.95	758.00
876.21	760.00
876.46	758.00
876.72	756.00
876.98	756.00
877.23	756.00
877.49	756.00
877.74	759.00
878.00	761.00
878.25	761.00
878.51	761.00
878.77	761.00
879.02	767.00
879.28	762.00
879.53	767.00
879.79	771.00
880.04	771.00
880.30	771.00
880.56	771.00
880.81	774.00
881.07	775.00
881.32	775.00
881.58	784.00
881.83	784.00
882.09	784.00
882.35	782.00
882.60	782.00
882.86	781.00
883.11	781.00
883.37	781.00
883.62	781.00
883.88	781.00
884.14	779.00
884.39	775.00
884.65	775.00
884.90	774.00
885.16	762.00
885.41	762.00
885.67	761.00
885.92	761.00
886.18	752.00
886.43	749.00
886.69	749.00
886.95	749.00
887.20	751.00
887.46	749.00
887.71	749.00
887.97	749.00
888.22	745.00
888.48	744.00
888.73	743.00
888.99	735.00
889.24	735.00
889.50	741.00
889.75	741.00
890.01	741.00
890.27	743.00
890.52	747.00
890.78	747.00
891.03	741.00
891.29	741.00
891.54	737.00
891.80	737.00
892.05	737.00
892.31	735.00
892.56	735.00
892.82	735.00
893.07	734.00
893.33	733.00
893.58	734.00
893.84	733.00
894.09	733.00
894.35	733.00
894.60	733.00
894.86	733.00
895.11	733.00
895.37	733.00
895.62	733.00
895.88	735.00
896.13	735.00
896.39	732.00
896.64	732.00
896.90	731.00
897.15	731.00
897.41	731.00
897.66	731.00
897.92	730.00
898.17	733.00
898.43	730.00
898.68	733.00
898.94	730.00
899.19	733.00
899.45	733.00
899.70	734.00
899.96	733.00
900.21	733.00
900.47	733.00
900.72	733.00
900.98	733.00
901.23	735.00
901.49	735.00
901.74	735.00
902.00	735.00
902.25	733.00
902.51	731.00
902.76	728.00
903.02	728.00
903.27	731.00
903.53	732.00
903.78	732.00
904.03	732.00
904.29	733.00
904.54	730.00
904.80	730.00
905.05	730.00
905.31	735.00
905.56	735.00
905.82	735.00
906.07	728.00
906.33	728.00
906.58	728.00
906.84	728.00
907.09	733.00
907.34	733.00
907.60	733.00
907.85	733.00
908.11	732.00
908.36	731.00
908.62	731.00
908.87	729.00
909.13	731.00
909.38	732.00
909.63	732.00
909.89	732.00
910.14	732.00
910.40	729.00
910.65	727.00
910.91	726.00
911.16	726.00
911.42	727.00
911.67	727.00
911.92	732.00
912.18	733.00
912.43	733.00
912.69	737.00
912.94	736.00
913.20	736.00
913.45	731.00
913.70	736.00
913.96	736.00
914.21	731.00
914.47	738.00
914.72	738.00
914.98	733.00
915.23	733.00
915.48	735.00
915.74	735.00
915.99	736.00
916.25	737.00
916.50	743.00
916.76	746.00
917.01	751.00
917.26	751.00
917.52	755.00
917.77	757.00
918.03	757.00
918.28	761.00
918.53	765.00
918.79	767.00
919.04	770.00
919.30	773.00
919.55	774.00
919.80	778.00
920.06	778.00
920.31	778.00
920.57	777.00
920.82	776.00
921.07	773.00
921.33	770.00
921.58	759.00
921.84	759.00
922.09	755.00
922.34	754.00
922.60	751.00
922.85	751.00
923.11	750.00
923.36	742.00
923.61	742.00
923.87	742.00
924.12	741.00
924.37	733.00
924.63	732.00
924.88	731.00
925.14	730.00
925.39	730.00
925.64	730.00
925.90	730.00
926.15	730.00
926.40	730.00
926.66	733.00
926.91	730.00
927.17	728.00
927.42	728.00
927.67	726.00
927.93	726.00
928.18	726.00
928.43	723.00
928.69	722.00
928.94	722.00
929.19	722.00
929.45	726.00
929.70	728.00
929.96	728.00
930.21	728.00
930.46	726.00
930.72	728.00
930.97	722.00
931.22	722.00
931.48	726.00
931.73	726.00
931.98	726.00
932.24	729.00
932.49	727.00
932.74	727.00
933.00	727.00
933.25	724.00
933.50	721.00
933.76	721.00
934.01	724.00
934.26	725.00
934.52	725.00
934.77	729.00
935.02	726.00
935.28	725.00
935.53	724.00
935.78	721.00
936.04	721.00
936.29	721.00
936.54	729.00
936.80	729.00
937.05	730.00
937.30	729.00
937.56	730.00
937.81	725.00
938.06	730.00
938.32	725.00
938.57	727.00
938.82	725.00
939.08	727.00
939.33	725.00
939.58	727.00
939.84	725.00
940.09	726.00
940.34	726.00
940.60	726.00
940.85	726.00
941.10	726.00
941.36	727.00
941.61	725.00
941.86	725.00
942.11	725.00
942.37	725.00
942.62	725.00
942.87	731.00
943.13	731.00
943.38	731.00
943.63	727.00
943.89	726.00
944.14	717.00
944.39	726.00
944.64	717.00
944.90	717.00
945.15	719.00
945.40	721.00
945.66	721.00
945.91	725.00
946.16	728.00
946.41	728.00
946.67	729.00
946.92	731.00
947.17	731.00
947.43	731.00
947.68	731.00
947.93	731.00
948.18	731.00
948.44	728.00
948.69	728.00
948.94	728.00
949.20	731.00
949.45	736.00
949.70	793.00
949.95	873.00
950.21	873.00
950.46	873.00
950.71	772.00
950.96	734.00
951.22	734.00
951.47	733.00
951.72	728.00
951.97	728.00
952.23	728.00
952.48	728.00
952.73	730.00
952.99	730.00
953.24	730.00
953.49	730.00
953.74	731.00
954.00	731.00
954.25	732.00
954.50	732.00
954.75	732.00
955.01	738.00
955.26	732.00
955.51	738.00
955.76	738.00
956.02	726.00
956.27	726.00
956.52	730.00
956.77	730.00
957.03	730.00
957.28	730.00
957.53	730.00
957.78	731.00
958.03	733.00
958.29	734.00
958.54	733.00
958.79	733.00
959.04	734.00
959.30	734.00
959.55	738.00
959.80	738.00
960.05	740.00
960.31	743.00
960.56	743.00
960.81	743.00
961.06	747.00
961.31	747.00
961.57	747.00
961.82	747.00
962.07	749.00
962.32	749.00
962.58	750.00
962.83	754.00
963.08	755.00
963.33	755.00
963.58	757.00
963.84	757.00
964.09	757.00
964.34	760.00
964.59	760.00
964.84	760.00
965.10	760.00
965.35	764.00
965.60	762.00
965.85	762.00
966.10	762.00
966.36	762.00
966.61	762.00
966.86	759.00
967.11	759.00
967.36	755.00
967.62	758.00
967.87	753.00
968.12	752.00
968.37	748.00
968.62	748.00
968.88	745.00
969.13	748.00
969.38	745.00
969.63	745.00
969.88	745.00
970.14	745.00
970.39	744.00
970.64	742.00
970.89	736.00
971.14	736.00
971.39	736.00
971.65	736.00
971.90	733.00
972.15	728.00
972.40	728.00
972.65	730.00
972.90	729.00
973.16	729.00
973.41	729.00
973.66	727.00
973.91	727.00
974.16	727.00
974.41	727.00
974.67	728.00
974.92	730.00
975.17	728.00
975.42	728.00
975.67	728.00
975.92	732.00
976.18	726.00
976.43	728.00
976.68	726.00
976.93	726.00
977.18	726.00
977.43	720.00
977.69	720.00
977.94	720.00
978.19	728.00
978.44	728.00
978.69	728.00
978.94	728.00
979.19	728.00
979.45	731.00
979.70	731.00
979.95	731.00
980.20	731.00
980.45	735.00
980.70	735.00
980.95	731.00
981.21	731.00
981.46	730.00
981.71	722.00
981.96	722.00
982.21	722.00
982.46	722.00
982.71	723.00
982.96	723.00
983.22	723.00
983.47	721.00
983.72	721.00
983.97	719.00
984.22	719.00
984.47	729.00
984.72	729.00
984.97	723.00
985.23	726.00
985.48	726.00
985.73	726.00
985.98	727.00
986.23	727.00
986.48	728.00
986.73	728.00
986.98	724.00
987.23	724.00
987.49	721.00
987.74	721.00
987.99	725.00
988.24	727.00
988.49	727.00
988.74	727.00
988.99	727.00
989.24	725.00
989.49	725.00
989.75	725.00
990.00	725.00
990.25	722.00
990.50	725.00
990.75	730.00
991.00	722.00
991.25	722.00
991.50	720.00
991.75	720.00
992.00	719.00
992.25	720.00
992.51	724.00
992.76	724.00
993.01	724.00
993.26	724.00
993.51	724.00
993.76	720.00
994.01	724.00
994.26	724.00
994.51	724.00
994.76	724.00
995.01	724.00
995.26	724.00
995.51	718.00
995.77	718.00
996.02	722.00
996.27	722.00
996.52	722.00
996.77	722.00
997.02	723.00
997.27	723.00
997.52	723.00
997.77	722.00
998.02	728.00
998.27	726.00
998.52	723.00
998.77	726.00
999.02	726.00
999.27	723.00
999.53	722.00
999.78	720.00
1000.03	720.00
1000.28	720.00
1000.53	723.00
1000.78	723.00
1001.03	728.00
1001.28	727.00
1001.53	723.00
1001.78	722.00
1002.03	724.00
1002.28	724.00
1002.53	722.00
1002.78	722.00
1003.03	721.00
1003.28	721.00
1003.53	721.00
1003.78	721.00
1004.03	723.00
1004.28	724.00
1004.53	723.00
1004.78	721.00
1005.03	723.00
1005.29	724.00
1005.54	724.00
1005.79	724.00
1006.04	724.00
1006.29	724.00
1006.54	722.00
1006.79	720.00
1007.04	720.00
1007.29	720.00
1007.54	720.00
1007.79	720.00
1008.04	720.00
1008.29	720.00
1008.54	722.00
1008.79	722.00
1009.04	722.00
1009.29	722.00
1009.54	722.00
1009.79	720.00
1010.04	720.00
1010.29	722.00
1010.54	722.00
1010.79	721.00
1011.04	721.00
1011.29	720.00
1011.54	720.00
1011.79	721.00
1012.04	720.00
1012.29	721.00
1012.54	724.00
1012.79	722.00
1013.04	722.00
1013.29	722.00
1013.54	722.00
1013.79	721.00
1014.04	721.00
1014.29	720.00
1014.54	717.00
1014.79	720.00
1015.04	717.00
1015.29	717.00
1015.54	722.00
1015.79	722.00
1016.04	723.00
1016.29	723.00
1016.54	722.00
1016.79	722.00
1017.04	722.00
1017.29	721.00
1017.54	721.00
1017.79	724.00
1018.04	721.00
1018.29	720.00
1018.54	724.00
1018.79	724.00
1019.04	724.00
1019.29	724.00
1019.54	724.00
1019.79	722.00
1020.03	722.00
1020.28	722.00
1020.53	722.00
1020.78	722.00
1021.03	722.00
1021.28	721.00
1021.53	718.00
1021.78	721.00
1022.03	722.00
1022.28	721.00
1022.53	718.00
1022.78	721.00
1023.03	718.00
1023.28	718.00
1023.53	720.00
1023.78	720.00
1024.03	719.00
1024.28	720.00
1024.53	719.00
1024.78	719.00
1025.03	722.00
1025.28	722.00
1025.53	725.00
1025.77	725.00
1026.02	723.00
1026.27	721.00
1026.52	723.00
1026.77	722.00
1027.02	722.00
1027.27	724.00
1027.52	728.00
1027.77	724.00
1028.02	724.00
1028.27	723.00
1028.52	723.00
1028.77	723.00
1029.02	723.00
1029.27	723.00
1029.51	723.00
1029.76	723.00
1030.01	724.00
1030.26	718.00
1030.51	718.00
1030.76	716.00
1031.01	716.00
1031.26	716.00
1031.51	716.00
1031.76	716.00
1032.01	720.00
1032.26	723.00
1032.50	720.00
1032.75	722.00
1033.00	722.00
1033.25	722.00
1033.50	722.00
1033.75	722.00
1034.00	722.00
1034.25	722.00
1034.50	722.00
1034.75	720.00
1035.00	720.00
1035.24	720.00
1035.49	721.00
1035.74	721.00
1035.99	724.00
1036.24	722.00
1036.49	721.00
1036.74	722.00
1036.99	722.00
1037.24	722.00
1037.49	719.00
1037.73	720.00
1037.98	720.00
1038.23	719.00
1038.48	720.00
1038.73	720.00
1038.98	722.00
1039.23	718.00
1039.48	720.00
1039.73	720.00
1039.97	722.00
1040.22	720.00
1040.47	720.00
1040.72	722.00
1040.88	717.00
1041.13	717.00
1041.38	719.00
1041.63	719.00
1041.89	719.00
1042.14	718.00
1042.39	718.00
1042.64	718.00
1042.89	718.00
1043.15	718.00
1043.40	720.00
1043.65	720.00
1043.90	720.00
1044.15	720.00
1044.41	723.00
1044.66	723.00
1044.91	722.00
1045.16	722.00
1045.41	722.00
1045.67	722.00
1045.92	722.00
1046.17	725.00
1046.42	725.00
1046.67	725.00
1046.93	722.00
1047.18	720.00
1047.43	720.00
1047.68	720.00
1047.93	716.00
1048.18	716.00
1048.44	716.00
1048.69	716.00
1048.94	715.00
1049.19	717.00
1049.44	717.00
1049.70	718.00
1049.95	720.00
1050.20	720.00
1050.45	720.00
1050.70	718.00
1050.95	718.00
1051.21	718.00
1051.46	720.00
1051.71	718.00
1051.96	720.00
1052.21	720.00
1052.46	719.00
1052.72	717.00
1052.97	718.00
1053.22	717.00
1053.47	718.00
1053.72	717.00
1053.97	718.00
1054.23	717.00
1054.48	715.00
1054.73	715.00
1054.98	715.00
1055.23	714.00
1055.48	715.00
1055.74	717.00
1055.99	718.00
1056.24	718.00
1056.49	720.00
1056.74	721.00
1056.99	720.00
1057.24	718.00
1057.50	718.00
1057.75	718.00
1058.00	718.00
1058.25	720.00
1058.50	720.00
1058.75	720.00
1059.00	718.00
1059.26	717.00
1059.51	717.00
1059.76	717.00
1060.01	717.00
1060.26	715.00
1060.51	717.00
1060.76	717.00
1061.02	717.00
1061.27	717.00
1061.52	717.00
1061.77	717.00
1062.02	715.00
1062.27	715.00
1062.52	715.00
1062.77	714.00
1063.03	714.00
1063.28	713.00
1063.53	713.00
1063.78	713.00
1064.03	714.00
1064.28	714.00
1064.53	714.00
1064.78	714.00
1065.04	714.00
1065.29	714.00
1065.54	715.00
1065.79	716.00
1066.04	717.00
1066.29	717.00
1066.54	717.00
1066.79	720.00
1067.04	717.00
1067.29	717.00
1067.55	717.00
1067.80	718.00
1068.05	714.00
1068.30	714.00
1068.55	714.00
1068.80	714.00
1069.05	714.00
1069.30	715.00
1069.55	717.00
1069.80	717.00
1070.06	718.00
1070.31	718.00
1070.56	718.00
1070.81	719.00
1071.06	719.00
1071.31	719.00
1071.56	718.00
1071.81	718.00
1072.06	717.00
1072.31	717.00
1072.56	714.00
1072.82	722.00
1073.07	723.00
1073.32	723.00
1073.57	721.00
1073.82	721.00
1074.07	720.00
1074.32	720.00
1074.57	720.00
1074.82	720.00
1075.07	720.00
1075.32	718.00
1075.57	717.00
1075.82	715.00
1076.08	717.00
1076.33	714.00
1076.58	714.00
1076.83	718.00
1077.08	718.00
1077.33	718.00
1077.58	718.00
1077.83	718.00
1078.08	711.00
1078.33	711.00
1078.58	711.00
1078.83	713.00
1079.08	713.00
1079.33	715.00
1079.58	715.00
1079.83	717.00
1080.08	717.00
1080.34	717.00
1080.59	717.00
1080.84	720.00
1081.09	716.00
1081.34	720.00
1081.59	711.00
1081.84	711.00
1082.09	711.00
1082.34	711.00
1082.59	711.00
1082.84	710.00
1083.09	712.00
1083.34	713.00
1083.59	713.00
1083.84	717.00
1084.09	718.00
1084.34	717.00
1084.59	718.00
1084.84	719.00
1085.09	719.00
1085.34	719.00
1085.59	722.00
1085.84	719.00
1086.09	710.00
1086.34	718.00
1086.59	715.00
1086.84	715.00
1087.09	715.00
1087.34	718.00
1087.60	715.00
1087.85	713.00
1088.10	711.00
1088.35	711.00
1088.60	709.00
1088.85	711.00
1089.10	711.00
1089.35	711.00
1089.60	711.00
1089.85	713.00
1090.10	714.00
1090.35	715.00
1090.60	716.00
1090.85	716.00
1091.10	716.00
1091.35	716.00
1091.60	714.00
1091.85	714.00
1092.10	714.00
1092.35	711.00
1092.60	714.00
1092.85	716.00
1093.10	714.00
1093.35	714.00
1093.60	717.00
1093.85	717.00
1094.10	714.00
1094.35	717.00
1094.60	717.00
1094.85	715.00
1095.10	717.00
1095.35	717.00
1095.60	717.00
1095.85	715.00
1096.10	717.00
1096.35	715.00
1096.59	715.00
1096.84	715.00
1097.09	721.00
1097.34	721.00
1097.59	721.00
1097.84	721.00
1098.09	714.00
1098.34	713.00
1098.59	713.00
1098.84	714.00
1099.09	715.00
1099.34	717.00
1099.59	717.00
1099.84	718.00
1100.09	718.00
1100.34	718.00
1100.59	718.00
1100.84	722.00
1101.09	718.00
1101.34	714.00
1101.59	719.00
1101.84	718.00
1102.09	714.00
1102.34	716.00
1102.59	716.00
1102.84	713.00
1103.09	713.00
1103.34	716.00
1103.59	716.00
1103.83	720.00
1104.08	722.00
1104.33	722.00
1104.58	722.00
1104.83	722.00
1105.08	717.00
1105.33	711.00
1105.58	711.00
1105.83	712.00
1106.08	711.00
1106.33	712.00
1106.58	712.00
1106.83	709.00
1107.08	709.00
1107.33	713.00
1107.58	710.00
1107.83	717.00
1108.07	717.00
1108.32	717.00
1108.57	710.00
1108.82	710.00
1109.07	710.00
1109.32	710.00
1109.57	711.00
1109.82	711.00
1110.07	711.00
1110.32	711.00
1110.57	717.00
1110.82	710.00
1111.07	717.00
1111.32	717.00
1111.56	714.00
1111.81	714.00
1112.06	714.00
1112.31	714.00
1112.56	714.00
1112.81	713.00
1113.06	713.00
1113.31	713.00
1113.56	713.00
1113.81	715.00
1114.06	715.00
1114.30	715.00
1114.55	715.00
1114.80	715.00
1115.05	717.00
1115.30	717.00
1115.55	714.00
1115.80	717.00
1116.05	715.00
1116.30	713.00
1116.55	715.00
1116.79	718.00
1117.04	719.00
1117.29	719.00
1117.54	719.00
1117.79	720.00
1118.04	716.00
1118.29	716.00
1118.54	716.00
1118.79	716.00
1119.03	716.00
1119.28	708.00
1119.53	717.00
1119.78	715.00
1120.03	715.00
1120.28	714.00
1120.53	714.00
1120.78	714.00
1121.03	713.00
1121.27	713.00
1121.52	714.00
1121.77	715.00
1122.02	715.00
1122.27	716.00
1122.52	716.00
1122.77	715.00
1123.02	714.00
1123.26	714.00
1123.51	714.00
1123.76	714.00
1124.01	716.00
1124.26	716.00
1124.51	718.00
1124.76	718.00
1125.00	718.00
1125.25	715.00
1125.50	717.00
1125.75	715.00
1126.00	711.00
1126.25	711.00
1126.50	711.00
1126.74	711.00
1126.99	713.00
1127.24	714.00
1127.49	714.00
1127.74	714.00
1127.99	714.00
1128.24	713.00
1128.48	713.00
1128.73	713.00
1128.98	714.00
1129.23	714.00
1129.48	716.00
1129.73	716.00
1129.97	715.00
1130.22	714.00
1130.47	714.00
1130.72	711.00
1130.97	711.00
1131.22	711.00
1131.46	711.00
1131.71	714.00
1131.96	718.00
1132.21	717.00
1132.46	717.00
1132.71	717.00
1132.95	717.00
1133.20	717.00
1133.45	717.00
1133.70	714.00
1133.95	714.00
1134.20	711.00
1134.44	711.00
1134.69	711.00
1134.94	713.00
1135.19	713.00
1135.44	715.00
1135.68	715.00
1135.93	715.00
1136.18	716.00
1136.43	716.00
1136.68	712.00
1136.93	712.00
1137.17	714.00
1137.42	712.00
1137.67	714.00
1137.92	716.00
1138.17	716.00
1138.41	716.00
1138.66	716.00
1138.91	716.00
1139.16	718.00
1139.41	714.00
1139.65	715.00
1139.90	715.00
1140.15	716.00
1140.40	715.00
1140.65	716.00
1140.89	716.00
1141.14	716.00
1141.39	715.00
1141.64	715.00
1141.89	711.00
1142.13	715.00
1142.38	710.00
1142.63	710.00
1142.88	710.00
1143.12	710.00
1143.37	710.00
1143.62	709.00
1143.87	709.00
1144.12	714.00
1144.36	717.00
1144.61	717.00
1144.86	718.00
1145.11	717.00
1145.35	717.00
1145.60	714.00
1145.85	717.00
1146.10	713.00
1146.35	711.00
1146.59	713.00
1146.84	713.00
1147.09	713.00
1147.34	711.00
1147.58	711.00
1147.83	711.00
1148.08	711.00
1148.33	711.00
1148.57	710.00
1148.82	711.00
1149.07	711.00
1149.32	711.00
1149.56	717.00
1149.81	717.00
1150.06	717.00
1150.31	710.00
1150.56	716.00
1150.80	716.00
1151.05	716.00
1151.30	718.00
1151.55	718.00
1151.79	718.00
1152.04	716.00
1152.29	716.00
1152.53	712.00
1152.78	714.00
1153.03	714.00
1153.28	713.00
1153.52	713.00
1153.77	713.00
1154.02	713.00
1154.27	717.00
1154.51	717.00
1154.76	716.00
1155.01	716.00
1155.26	714.00
1155.50	714.00
1155.75	714.00
1156.00	714.00
1156.25	715.00
1156.49	715.00
1156.74	715.00
1156.99	715.00
1157.23	713.00
1157.48	710.00
1157.73	710.00
1157.98	710.00
1158.22	710.00
1158.47	712.00
1158.72	712.00
1158.96	711.00
1159.21	713.00
1159.46	711.00
1159.71	710.00
1159.95	710.00
1160.20	713.00
1160.45	710.00
1160.69	714.00
1160.94	714.00
1161.19	710.00
1161.44	710.00
1161.68	709.00
1161.93	709.00
1162.18	712.00
1162.42	712.00
1162.67	710.00
1162.92	712.00
1163.17	713.00
1163.41	714.00
1163.66	714.00
1163.91	715.00
1164.15	714.00
1164.40	713.00
1164.65	713.00
1164.89	714.00
1165.14	714.00
1165.39	714.00
1165.63	720.00
1165.88	720.00
1166.13	720.00
1166.37	720.00
1166.62	718.00
1166.87	718.00
1167.12	718.00
1167.36	717.00
1167.61	717.00
1167.86	713.00
1168.10	715.00
1168.35	713.00
1168.60	713.00
1168.84	711.00
1169.09	714.00
1169.34	714.00
1169.58	714.00
1169.83	715.00
1170.08	715.00
1170.32	714.00
1170.57	714.00
1170.82	718.00
1171.06	714.00
1171.31	717.00
1171.56	717.00
1171.80	714.00
1172.05	713.00
1172.30	714.00
1172.54	714.00
1172.79	714.00
1173.04	715.00
1173.28	723.00
1173.53	723.00
1173.78	721.00
1174.02	724.00
1174.27	724.00
1174.52	726.00
1174.76	726.00
1175.01	727.00
1175.25	726.00
1175.50	723.00
1175.75	722.00
1175.99	722.00
1176.24	722.00
1176.49	722.00
1176.73	722.00
1176.98	717.00
1177.23	715.00
1177.47	714.00
1177.72	711.00
1177.97	711.00
1178.21	715.00
1178.46	711.00
1178.70	717.00
1178.95	718.00
1179.20	718.00
1179.44	709.00
1179.69	718.00
1179.94	709.00
1180.18	709.00
1180.43	715.00
1180.67	717.00
1180.92	715.00
1181.17	715.00
1181.41	717.00
1181.66	714.00
1181.91	713.00
1182.15	714.00
1182.40	712.00
1182.64	712.00
1182.89	712.00
1183.14	714.00
1183.38	712.00
1183.63	710.00
1183.88	710.00
1184.12	714.00
1184.37	714.00
1184.61	715.00
1184.86	715.00
1185.11	715.00
1185.35	715.00
1185.60	715.00
1185.84	714.00
1186.09	714.00
1186.34	715.00
1186.58	717.00
1186.83	717.00
1187.07	717.00
1187.32	716.00
1187.57	711.00
1187.81	711.00
1188.06	711.00
1188.30	710.00
1188.55	711.00
1188.80	714.00
1189.04	711.00
1189.29	712.00
1189.53	712.00
1189.78	712.00
1190.02	712.00
1190.27	714.00
1190.52	714.00
1190.76	714.00
1191.01	711.00
1191.25	711.00
1191.50	711.00
1191.75	717.00
1191.99	717.00
1192.24	717.00
1192.48	715.00
1192.73	714.00
1192.97	714.00
1193.22	714.00
1193.47	711.00
1193.71	714.00
1193.96	717.00
1194.20	714.00
1194.45	717.00
1194.69	717.00
1194.94	717.00
1195.19	717.00
1195.43	717.00
1195.68	716.00
1195.92	716.00
1196.17	711.00
1196.41	711.00
1196.66	714.00
1196.90	718.00
1197.15	718.00
1197.40	718.00
1197.64	718.00
1197.89	713.00
1198.13	712.00
1198.38	712.00
1198.62	713.00
1198.87	713.00
1199.11	713.00
1199.36	713.00
1199.60	713.00
1199.85	711.00
1200.10	711.00
1200.34	711.00
1200.59	712.00
1200.83	712.00
1201.08	714.00
1201.32	714.00
1201.57	715.00
1201.81	715.00
1202.06	711.00
1202.30	711.00
1202.55	711.00
1202.79	711.00
1203.04	720.00
1203.29	720.00
1203.53	714.00
1203.78	714.00
1204.02	709.00
1204.27	709.00
1204.51	709.00
1204.76	709.00
1205.00	715.00
1205.25	715.00
1205.49	715.00
1205.74	715.00
1205.98	715.00
1206.23	716.00
1206.47	716.00
1206.72	710.00
1206.96	711.00
1207.21	711.00
1207.45	711.00
1207.70	710.00
1207.94	709.00
1208.19	709.00
1208.43	708.00
1208.68	709.00
1208.92	707.00
1209.17	717.00
1209.41	714.00
1209.66	714.00
1209.90	714.00
1210.15	714.00
1210.39	714.00
1210.64	714.00
1210.88	717.00
1211.13	717.00
1211.37	717.00
1211.62	714.00
1211.86	714.00
1212.11	714.00
1212.35	717.00
1212.60	718.00
1212.84	720.00
1213.09	720.00
1213.33	718.00
1213.58	717.00
1213.82	715.00
1214.07	715.00
1214.31	715.00
1214.56	718.00
1214.80	718.00
1215.05	718.00
1215.29	718.00
1215.54	719.00
1215.78	716.00
1216.03	716.00
1216.27	716.00
1216.52	715.00
1216.76	714.00
1217.00	714.00
1217.25	715.00
1217.49	715.00
1217.74	718.00
1217.98	720.00
1218.23	718.00
1218.47	715.00
1218.72	717.00
1218.96	715.00
1219.21	715.00
1219.45	715.00
1219.70	715.00
1219.94	715.00
1220.19	715.00
1220.43	715.00
1220.67	715.00
1220.92	715.00
1221.16	714.00
1221.41	714.00
1221.65	714.00
1221.90	716.00
1222.14	714.00
1222.39	714.00
1222.63	716.00
1222.87	714.00
1223.12	714.00
1223.36	720.00
1223.61	720.00
1223.85	717.00
1224.10	717.00
1224.34	717.00
1224.59	716.00
1224.83	715.00
1225.07	714.00
1225.32	714.00
1225.56	714.00
1225.81	714.00
1226.05	715.00
1226.30	715.00
1226.54	715.00
1226.78	716.00
1227.03	716.00
1227.27	715.00
1227.52	715.00
1227.76	715.00
1228.01	714.00
1228.25	714.00
1228.49	712.00
1228.74	712.00
1228.98	712.00
1229.23	711.00
1229.47	715.00
1229.72	715.00
1229.96	715.00
1230.20	716.00
1230.45	720.00
1230.69	717.00
1230.94	717.00
1231.18	720.00
1231.42	717.00
1231.67	717.00
1231.91	717.00
1232.16	717.00
1232.40	717.00
1232.64	720.00
1232.89	718.00
1233.13	720.00
1233.38	720.00
1233.62	720.00
1233.86	720.00
1234.11	720.00
1234.35	714.00
1234.60	714.00
1234.84	714.00
1235.08	714.00
1235.33	720.00
1235.57	721.00
1235.82	722.00
1236.06	722.00
1236.30	720.00
1236.55	717.00
1236.79	717.00
1237.04	715.00
1237.28	715.00
1237.52	715.00
1237.77	716.00
1238.01	716.00
1238.25	716.00
1238.50	715.00
1238.74	716.00
1238.99	716.00
1239.23	715.00
1239.47	715.00
1239.72	717.00
1239.96	714.00
1240.20	714.00
1240.45	714.00
1240.69	714.00
1240.94	714.00
1241.18	718.00
1241.42	718.00
1241.67	719.00
1241.91	719.00
1242.15	713.00
1242.40	713.00
1242.64	713.00
1242.89	713.00
1243.13	713.00
1243.37	715.00
1243.62	715.00
1243.86	715.00
1244.10	717.00
1244.35	717.00
1244.59	714.00
1244.83	717.00
1245.08	714.00
1245.32	714.00
1245.56	714.00
1245.81	717.00
1246.05	715.00
1246.29	715.00
1246.54	717.00
1246.78	715.00
1247.02	715.00
1247.27	717.00
1247.51	717.00
1247.76	712.00
1248.00	717.00
1248.24	712.00
1248.49	711.00
1248.73	711.00
1248.97	715.00
1249.22	715.00
1249.46	715.00
1249.70	719.00
1249.95	715.00
1250.19	711.00
1250.43	711.00
1250.68	712.00
1250.92	712.00
1251.16	717.00
1251.40	717.00
1251.65	717.00
1251.89	720.00
1252.13	720.00
1252.38	715.00
1252.62	715.00
1252.86	713.00
1253.11	713.00
1253.35	713.00
1253.59	713.00
1253.84	712.00
1254.08	713.00
1254.32	713.00
1254.57	713.00
1254.81	717.00
1255.05	718.00
1255.30	717.00
1255.54	716.00
1255.78	716.00
1256.02	716.00
1256.27	715.00
1256.51	715.00
1256.75	715.00
1257.00	719.00
1257.24	716.00
1257.48	716.00
1257.73	716.00
1257.97	715.00
1258.21	709.00
1258.45	709.00
1258.70	709.00
1258.94	709.00
1259.18	713.00
1259.43	713.00
1259.67	713.00
1259.91	713.00
1260.15	713.00
1260.40	714.00
1260.64	714.00
1260.88	714.00
1261.13	715.00
1261.37	716.00
1261.61	715.00
1261.85	716.00
1262.10	721.00
1262.34	716.00
1262.58	716.00
1262.83	716.00
1263.07	714.00
1263.31	714.00
1263.55	716.00
1263.80	712.00
1264.04	720.00
1264.28	720.00
1264.52	719.00
1264.77	710.00
1265.01	716.00
1265.25	713.00
1265.50	710.00
1265.74	713.00
1265.98	714.00
1266.22	714.00
1266.47	716.00
1266.71	720.00
1266.95	716.00
1267.19	720.00
1267.44	720.00
1267.68	719.00
1267.92	718.00
1268.16	718.00
1268.41	714.00
1268.65	714.00
1268.89	714.00
1269.13	714.00
1269.38	714.00
1269.62	715.00
1269.86	717.00
1270.10	717.00
1270.35	717.00
1270.59	717.00
1270.83	717.00
1271.07	717.00
1271.32	717.00
1271.56	716.00
1271.80	716.00
1272.04	713.00
1272.29	713.00
1272.53	713.00
1272.77	713.00
1273.01	713.00
1273.25	713.00
1273.50	713.00
1273.74	713.00
1273.98	713.00
1274.22	713.00
1274.47	716.00
1274.71	713.00
1274.95	713.00
1275.19	714.00
1275.44	714.00
1275.68	710.00
1275.92	714.00
1276.16	714.00
1276.40	720.00
1276.65	711.00
1276.89	719.00
1277.13	711.00
1277.37	710.00
1277.61	710.00
1277.86	715.00
1278.10	713.00
1278.34	713.00
1278.58	715.00
1278.83	717.00
1279.07	717.00
1279.31	719.00
1279.55	720.00
1279.79	719.00
1280.04	719.00
1280.28	720.00
1280.52	720.00
1280.76	716.00
1281.00	720.00
1281.25	721.00
1281.49	721.00
1281.73	721.00
1281.97	721.00
1282.21	715.00
1282.46	715.00
1282.70	715.00
1282.94	715.00
1283.18	716.00
1283.42	716.00
1283.66	716.00
1283.91	714.00
1284.15	714.00
1284.39	714.00
1284.63	714.00
1284.87	714.00
1285.12	718.00
1285.36	718.00
1285.60	718.00
1285.84	718.00
1286.08	718.00
1286.32	717.00
1286.57	718.00
1286.81	717.00
1287.05	717.00
1287.29	717.00
1287.53	716.00
1287.77	713.00
1288.02	712.00
1288.26	716.00
1288.50	716.00
1288.74	715.00
1288.98	716.00
1289.22	716.00
1289.47	715.00
1289.71	715.00
1289.95	714.00
1290.19	714.00
1290.43	714.00
1290.67	714.00
1290.92	714.00
1291.16	720.00
1291.40	720.00
1291.64	720.00
1291.88	722.00
1292.12	722.00
1292.37	717.00
1292.61	717.00
1292.85	715.00
1293.09	714.00
1293.33	715.00
1293.57	715.00
1293.81	715.00
1294.06	718.00
1294.30	718.00
1294.54	718.00
1294.78	715.00
1295.02	715.00
1295.26	715.00
1295.50	714.00
1295.75	715.00
1295.99	715.00
1296.23	715.00
1296.47	715.00
1296.71	717.00
1296.95	715.00
1297.19	717.00
1297.43	717.00
1297.68	714.00
1297.92	714.00
1298.16	715.00
1298.40	715.00
1298.64	715.00
1298.88	715.00
1299.12	715.00
1299.36	713.00
1299.61	713.00
1299.85	715.00
1300.09	715.00
1300.33	717.00
1300.57	721.00
1300.81	721.00
1301.05	721.00
1301.29	717.00
1301.53	717.00
1301.78	717.00
1302.02	720.00
1302.26	720.00
1302.50	720.00
1302.74	720.00
1302.98	716.00
1303.22	716.00
1303.46	716.00
1303.70	716.00
1303.95	716.00
1304.19	716.00
1304.43	716.00
1304.67	716.00
1304.91	715.00
1305.15	715.00
1305.39	716.00
1305.63	716.00
1305.87	716.00
1306.11	716.00
1306.35	716.00
1306.60	715.00
1306.84	713.00
1307.08	715.00
1307.32	721.00
1307.56	715.00
1307.80	711.00
1308.04	713.00
1308.28	713.00
1308.52	713.00
1308.76	720.00
1309.00	720.00
1309.24	720.00
1309.49	718.00
1309.73	717.00
1309.97	717.00
1310.21	718.00
1310.45	717.00
1310.69	718.00
1310.93	719.00
1311.17	719.00
1311.41	718.00
1311.65	719.00
1311.89	719.00
1312.13	715.00
1312.37	715.00
1312.61	717.00
1312.86	717.00
1313.10	717.00
1313.34	717.00
1313.58	715.00
1313.82	714.00
1314.06	714.00
1314.30	714.00
1314.54	713.00
1314.78	712.00
1315.02	713.00
1315.26	712.00
1315.50	712.00
1315.74	716.00
1315.98	716.00
1316.22	716.00
1316.46	721.00
1316.70	717.00
1316.94	716.00
1317.18	714.00
1317.43	714.00
1317.67	714.00
1317.91	713.00
1318.15	713.00
1318.39	714.00
1318.63	716.00
1318.87	714.00
1319.11	716.00
1319.35	716.00
1319.59	716.00
1319.83	716.00
1320.07	717.00
1320.31	717.00
1320.55	716.00
1320.79	716.00
1321.03	716.00
1321.27	715.00
1321.51	715.00
1321.75	717.00
1321.99	717.00
1322.23	713.00
1322.47	720.00
1322.71	720.00
1322.95	717.00
1323.19	717.00
1323.43	720.00
1323.67	717.00
1323.91	717.00
1324.15	717.00
1324.39	717.00
1324.63	717.00
1324.87	717.00
1325.11	717.00
1325.35	711.00
1325.59	711.00
1325.83	711.00
1326.07	711.00
1326.31	718.00
1326.55	718.00
1326.79	716.00
1327.03	716.00
1327.27	714.00
1327.51	714.00
1327.75	714.00
1327.99	715.00
1328.23	715.00
1328.47	715.00
1328.71	714.00
1328.95	714.00
1329.19	714.00
1329.43	714.00
1329.67	711.00
1329.91	711.00
1330.15	711.00
1330.39	711.00
1330.63	710.00
1330.87	713.00
1331.11	713.00
1331.35	714.00
1331.59	714.00
1331.83	714.00
1332.07	714.00
1332.31	714.00
1332.55	715.00
1332.79	714.00
1333.03	714.00
1333.27	707.00
1333.51	707.00
1333.75	707.00
1333.99	713.00
1334.23	721.00
1334.47	721.00
1334.71	721.00
1334.95	713.00
1335.19	712.00
1335.43	712.00
1335.67	720.00
1335.91	712.00
1336.15	716.00
1336.39	716.00
1336.63	716.00
1336.87	715.00
1337.11	715.00
1337.35	715.00
1337.59	715.00
1337.82	715.00
1338.06	713.00
1338.30	715.00
1338.54	715.00
1338.78	711.00
1339.02	711.00
1339.26	715.00
1339.50	715.00
1339.74	715.00
1339.98	717.00
1340.22	718.00
1340.46	718.00
1340.70	718.00
1340.94	718.00
1341.18	717.00
1341.42	717.00
1341.66	717.00
1341.90	717.00
1342.14	717.00
1342.37	720.00
1342.61	717.00
1342.85	714.00
1343.09	714.00
1343.33	714.00
1343.57	714.00
1343.81	714.00
1344.05	714.00
1344.29	717.00
1344.53	717.00
1344.77	720.00
1345.01	720.00
1345.25	720.00
1345.49	720.00
1345.72	720.00
1345.96	720.00
1346.20	720.00
1346.44	720.00
1346.68	715.00
1346.92	715.00
1347.16	715.00
1347.40	715.00
1347.64	715.00
1347.88	714.00
1348.12	714.00
1348.36	715.00
1348.59	718.00
1348.83	718.00
1349.07	718.00
1349.31	718.00
1349.55	717.00
1349.79	717.00
1350.03	721.00
1350.27	721.00
1350.51	718.00
1350.75	720.00
1350.99	720.00
1351.22	718.00
1351.46	716.00
1351.70	716.00
1351.94	713.00
1352.18	713.00
1352.42	714.00
1352.66	714.00
1352.90	714.00
1353.14	714.00
1353.37	713.00
1353.61	713.00
1353.85	713.00
1354.09	711.00
1354.33	713.00
1354.57	713.00
1354.81	713.00
1355.05	713.00
1355.29	714.00
1355.52	714.00
1355.76	715.00
1356.00	715.00
1356.24	715.00
1356.48	715.00
1356.72	715.00
1356.96	715.00
1357.20	715.00
1357.43	719.00
1357.67	719.00
1357.91	719.00
1358.15	714.00
1358.39	719.00
1358.63	713.00
1358.87	713.00
1359.11	714.00
1359.34	715.00
1359.58	714.00
1359.82	714.00
1360.06	715.00
1360.30	715.00
1360.54	715.00
1360.78	715.00
1361.01	715.00
1361.25	715.00
1361.49	715.00
1361.73	712.00
1361.97	714.00
1362.21	714.00
1362.45	714.00
1362.68	714.00
1362.92	714.00
1363.16	715.00
1363.40	715.00
1363.64	719.00
1363.88	716.00
1364.11	719.00
1364.35	722.00
1364.59	720.00
1364.83	720.00
1365.07	721.00
1365.31	720.00
1365.55	717.00
1365.78	717.00
1366.02	717.00
1366.26	715.00
1366.50	715.00
1366.74	715.00
1366.98	715.00
1367.21	715.00
1367.45	719.00
1367.69	715.00
1367.93	717.00
1368.17	721.00
1368.40	717.00
1368.64	717.00
1368.88	718.00
1369.12	718.00
1369.36	717.00
1369.60	718.00
1369.83	717.00
1370.07	711.00
1370.31	717.00
1370.55	712.00
1370.79	712.00
1371.03	717.00
1371.26	717.00
1371.50	717.00
1371.74	717.00
1371.98	715.00
1372.22	715.00
1372.45	715.00
1372.69	713.00
1372.93	713.00
1373.17	713.00
1373.41	713.00
1373.64	715.00
1373.88	720.00
1374.12	720.00
1374.36	720.00
1374.60	716.00
1374.83	716.00
1375.07	716.00
1375.31	715.00
1375.55	715.00
1375.79	715.00
1376.02	715.00
1376.26	714.00
1376.50	715.00
1376.74	715.00
1376.98	714.00
1377.21	712.00
1377.45	712.00
1377.69	709.00
1377.93	709.00
1378.16	709.00
1378.40	709.00
1378.64	710.00
1378.88	711.00
1379.12	711.00
1379.35	711.00
1379.59	716.00
1379.83	716.00
1380.07	718.00
1380.30	718.00
1380.54	716.00
1380.78	713.00
1381.02	716.00
1381.26	716.00
1381.49	714.00
1381.73	714.00
1381.97	714.00
1382.21	714.00
1382.44	714.00
1382.68	714.00
1382.92	714.00
1383.16	717.00
1383.39	720.00
1383.63	717.00
1383.87	720.00
1384.11	720.00
1384.35	716.00
1384.58	709.00
1384.82	716.00
1385.06	716.00
1385.30	717.00
1385.53	718.00
1385.77	718.00
1386.01	717.00
1386.25	717.00
1386.48	717.00
1386.72	716.00
1386.96	716.00
1387.20	716.00
1387.43	715.00
1387.67	715.00
1387.91	715.00
1388.15	715.00
1388.38	715.00
1388.62	715.00
1388.86	716.00
1389.09	721.00
1389.33	722.00
1389.57	722.00
1389.81	721.00
1390.04	717.00
1390.28	717.00
1390.52	717.00
1390.76	719.00
1390.99	720.00
1391.23	720.00
1391.47	720.00
1391.71	718.00
1391.94	716.00
1392.18	716.00
1392.42	713.00
1392.65	716.00
1392.89	716.00
1393.13	717.00
1393.37	717.00
1393.60	717.00
1393.84	714.00
1394.08	714.00
1394.31	714.00
1394.55	714.00
1394.79	714.00
1395.03	718.00
1395.26	718.00
1395.50	718.00
1395.74	714.00
1395.97	718.00
1396.21	714.00
1396.45	714.00
1396.69	714.00
1396.92	714.00
1397.16	714.00
1397.40	714.00
1397.63	713.00
1397.87	715.00
1398.11	713.00
1398.34	711.00
1398.58	711.00
1398.82	715.00
1399.06	716.00
1399.29	717.00
1399.53	717.00
1399.77	717.00
1400.00	716.00
1400.24	716.00
1400.48	716.00
1400.71	716.00
1400.95	716.00
1401.19	717.00
1401.42	717.00
1401.66	717.00
1401.90	717.00
1402.13	717.00
1402.37	717.00
1402.61	716.00
1402.85	716.00
1403.08	716.00
1403.32	722.00
1403.56	722.00
1403.79	722.00
1404.03	722.00
1404.27	722.00
1404.50	722.00
1404.74	722.00
1404.98	722.00
1405.21	722.00
1405.45	720.00
1405.69	720.00
1405.92	720.00
1406.16	720.00
1406.40	720.00
1406.63	721.00
1406.87	717.00
1407.11	717.00
1407.34	718.00
1407.58	719.00
1407.82	719.00
1408.05	719.00
1408.29	718.00
1408.52	717.00
1408.76	717.00
1409.00	717.00
1409.23	717.00
1409.47	722.00
1409.71	723.00
1409.94	723.00
1410.18	723.00
1410.42	719.00
1410.65	714.00
1410.89	711.00
1411.13	711.00
1411.36	711.00
1411.60	711.00
1411.84	711.00
1412.07	711.00
1412.31	711.00
1412.54	711.00
1412.78	715.00
1413.02	715.00
1413.25	711.00
1413.49	717.00
1413.73	720.00
1413.96	713.00
1414.20	713.00
1414.44	713.00
1414.67	713.00
1414.91	713.00
1415.14	717.00
1415.38	717.00
1415.62	717.00
1415.85	717.00
1416.09	717.00
1416.33	717.00
1416.56	717.00
1416.80	717.00
1417.03	720.00
1417.27	719.00
1417.51	717.00
1417.74	719.00
1417.98	719.00
1418.21	718.00
1418.45	714.00
1418.69	714.00
1418.92	714.00
1419.16	714.00
1419.40	715.00
1419.63	715.00
1419.87	715.00
1420.10	711.00
1420.34	711.00
1420.58	711.00
1420.81	717.00
1421.05	717.00
1421.28	718.00
1421.52	720.00
1421.76	720.00
1421.99	720.00
1422.23	720.00
1422.46	720.00
1422.70	717.00
1422.94	711.00
1423.17	715.00
1423.41	715.00
1423.64	715.00
1423.88	716.00
1424.11	716.00
1424.35	717.00
1424.59	717.00
1424.82	717.00
1425.06	717.00
1425.29	718.00
1425.53	718.00
1425.77	718.00
1426.00	720.00
1426.24	718.00
1426.47	711.00
1426.71	711.00
1426.94	711.00
1427.18	711.00
1427.42	711.00
1427.65	717.00
1427.89	717.00
1428.12	715.00
1428.36	715.00
1428.59	715.00
1428.83	715.00
1429.07	714.00
1429.30	717.00
1429.54	717.00
1429.77	717.00
1430.01	714.00
1430.24	716.00
1430.48	716.00
1430.72	716.00
1430.95	716.00
1431.19	716.00
1431.42	721.00
1431.66	716.00
1431.89	715.00
1432.13	715.00
1432.36	715.00
1432.60	714.00
1432.83	713.00
1433.07	714.00
1433.31	714.00
1433.54	714.00
1433.78	715.00
1434.01	716.00
1434.25	715.00
1434.48	716.00
1434.72	715.00
1434.95	714.00
1435.19	714.00
1435.42	714.00
1435.66	712.00
1435.90	714.00
1436.13	711.00
1436.37	709.00
1436.60	711.00
1436.84	711.00
1437.07	711.00
1437.31	718.00
1437.54	720.00
1437.78	718.00
1438.01	718.00
1438.25	721.00
1438.48	720.00
1438.72	720.00
1438.95	720.00
1439.19	720.00
1439.43	720.00
1439.66	717.00
1439.90	714.00
1440.13	714.00
1440.37	716.00
1440.60	716.00
1440.84	716.00
1441.07	716.00
1441.31	721.00
1441.54	715.00
1441.78	713.00
1442.01	715.00
1442.25	713.00
1442.48	713.00
1442.72	717.00
1442.72	717.00
1442.96	716.00
1443.19	715.00
1443.43	714.00
1443.66	711.00
1443.90	711.00
1444.13	711.00
1444.37	714.00
1444.60	715.00
1444.84	715.00
1445.08	716.00
1445.31	715.00
1445.55	715.00
1445.78	714.00
1446.02	714.00
1446.25	711.00
1446.49	711.00
1446.72	711.00
1446.96	712.00
1447.19	712.00
1447.43	712.00
1447.66	711.00
1447.90	711.00
1448.14	711.00
1448.37	711.00
1448.61	714.00
1448.84	714.00
1449.08	714.00
1449.31	717.00
1449.55	717.00
1449.78	720.00
1450.02	720.00
1450.25	714.00
1450.49	714.00
1450.72	716.00
1450.96	716.00
1451.19	716.00
1451.43	717.00
1451.66	716.00
1451.90	715.00
1452.13	715.00
1452.37	715.00
1452.60	715.00
1452.84	718.00
1453.07	718.00
1453.31	715.00
1453.54	718.00
1453.78	718.00
1454.01	715.00
1454.25	714.00
1454.48	711.00
1454.72	711.00
1454.95	711.00
1455.19	713.00
1455.42	713.00
1455.66	713.00
1455.89	713.00
1456.13	713.00
1456.36	711.00
1456.60	711.00
1456.83	711.00
1457.07	711.00
1457.30	712.00
1457.54	714.00
1457.77	714.00
1458.01	714.00
1458.24	714.00
1458.48	715.00
1458.71	715.00
1458.95	715.00
1459.18	715.00
1459.42	715.00
1459.65	711.00
1459.89	711.00
1460.12	711.00
1460.36	712.00
1460.59	712.00
1460.83	712.00
1461.06	717.00
1461.30	717.00
1461.53	716.00
1461.77	716.00
1462.00	716.00
1462.23	715.00
1462.47	715.00
1462.70	713.00
1462.94	712.00
1463.17	713.00
1463.41	714.00
1463.64	712.00
1463.88	709.00
1464.11	714.00
1464.35	710.00
1464.58	706.00
1464.82	710.00
1465.05	710.00
1465.29	710.00
1465.52	708.00
1465.75	711.00
1465.99	711.00
1466.22	711.00
1466.46	711.00
1466.69	715.00
1466.93	716.00
1467.16	716.00
1467.40	716.00
1467.63	714.00
1467.86	714.00
1468.10	714.00
1468.33	714.00
1468.57	714.00
1468.80	714.00
1469.04	713.00
1469.27	713.00
1469.51	713.00
1469.74	713.00
1469.97	709.00
1470.21	709.00
1470.44	713.00
1470.68	714.00
1470.91	714.00
1471.15	714.00
1471.38	714.00
1471.61	714.00
1471.85	715.00
1472.08	711.00
1472.32	711.00
1472.55	711.00
1472.79	707.00
1473.02	707.00
1473.25	707.00
1473.49	707.00
1473.72	709.00
1473.96	714.00
1474.19	714.00
1474.43	714.00
1474.66	716.00
1474.89	718.00
1475.13	716.00
1475.36	716.00
1475.60	716.00
1475.83	716.00
1476.06	715.00
1476.30	715.00
1476.53	714.00
1476.77	713.00
1477.00	712.00
1477.23	712.00
1477.47	711.00
1477.70	711.00
1477.94	711.00
1478.17	714.00
1478.40	717.00
1478.64	717.00
1478.87	715.00
1479.11	716.00
1479.34	715.00
1479.57	715.00
1479.81	715.00
1480.04	715.00
1480.28	711.00
1480.51	713.00
1480.74	711.00
1480.98	711.00
1481.21	711.00
1481.45	713.00
1481.68	711.00
1481.91	714.00
1482.15	714.00
1482.38	711.00
1482.62	710.00
1482.85	710.00
1483.08	710.00
1483.32	713.00
1483.55	713.00
1483.78	714.00
1484.02	714.00
1484.25	712.00
1484.49	711.00
1484.72	711.00
1484.95	711.00
1485.19	712.00
1485.42	713.00
1485.65	713.00
1485.89	713.00
1486.12	713.00
1486.35	712.00
1486.59	712.00
1486.82	714.00
1487.06	714.00
1487.29	713.00
1487.52	720.00
1487.76	713.00
1487.99	713.00
1488.22	714.00
1488.46	714.00
1488.69	714.00
1488.92	714.00
1489.16	714.00
1489.39	714.00
1489.63	714.00
1489.86	717.00
1490.09	717.00
1490.33	717.00
1490.56	717.00
1490.79	717.00
1491.03	714.00
1491.26	717.00
1491.49	714.00
1491.73	715.00
1491.96	714.00
1492.19	713.00
1492.43	713.00
1492.66	715.00
1492.89	713.00
1493.13	714.00
1493.36	714.00
1493.59	714.00
1493.83	714.00
1494.06	714.00
1494.29	714.00
1494.53	718.00
1494.76	717.00
1494.99	717.00
1495.23	718.00
1495.46	718.00
1495.69	717.00
1495.93	712.00
1496.16	717.00
1496.39	717.00
1496.63	713.00
1496.86	714.00
1497.09	714.00
1497.33	714.00
1497.56	713.00
1497.79	710.00
1498.03	707.00
1498.26	710.00
1498.49	710.00
1498.72	707.00
1498.96	715.00
1499.19	715.00
1499.42	713.00
1499.66	711.00
1499.89	711.00
1500.12	711.00
1500.36	711.00
1500.59	707.00
1500.82	706.00
1501.06	707.00
1501.29	705.00
1501.52	704.00
1501.75	705.00
1501.99	705.00